([0], [0]) 0.4446381628513336
([1], [1]) 0.4512437880039215
([2, 3, 4], [2]) 0.3405215342839559
([5, 6], [3]) 0.22970399260520935
([7], [4]) 0.4393162429332733
([8], [5]) 0.47957727313041687
([9], [6]) 0.7155190706253052
([10], [7]) 0.8291199207305908
([11], [8]) 0.4000125527381897
([12, 13, 14, 15], [9]) 0.3349365293979645
([16], [10]) 0.24345333874225616
([17], [11, 12]) 0.24648618698120117
([18], [13]) 0.5480606555938721
([19], [14, 15]) 0.5544385313987732
([20], [16, 17]) 0.3742949068546295
([21], [18]) 0.40606218576431274
([22], [19]) 0.643673837184906
([23], [20]) 0.67835533618927
([24], [21]) 0.4120308458805084
([25], [22, 23]) 0.3044668138027191
([26], [24, 25, 26]) 0.47221426169077557
([27], [27]) 0.4515906274318695
([28], [28]) 0.6974493861198425
([29], [29]) 0.12539142370224
([30], [30]) 0.4032078683376312
([31], [31]) 0.548312783241272
([32], [32]) 0.7905694842338562
([33], [33]) 0.46346819400787354
([34], [34, 35]) 0.4530780613422394
([35], [36]) 0.3311232030391693
([36], [37]) 0.36331748962402344
([37], [38]) 0.4728034734725952
([38], [39]) 0.7129197716712952
([39], [40]) 0.6557851433753967
([40], [41]) 0.6467096209526062
([41], [42]) 0.4880828261375427
([42], [43]) 1.0074687004089355
([43], [44]) 0.7816293835639954
([44], [45, 46]) 0.42077815532684326
([45], [47]) 0.6291316747665405
([46], [48]) 0.47711995244026184
([47], [49, 50]) 0.33284249901771545
([48], [51]) 0.487088143825531
([49], [52]) 0.5763208866119385
([50], [53]) 0.45821601152420044
([51], [54]) 0.42416027188301086
([52], [55]) 0.4546608328819275
([53], [56]) 0.3245483338832855
([54], [57]) 0.5654295086860657
([55, 56], [58]) 0.3745294213294983
([57], [59]) 0.2739425301551819
([58], [60]) 0.5480996966362
([59], [61]) 0.4226078391075134
([60], [62]) 0.2663592994213104
([61, 62], [63]) 0.3218062222003937
([63, 64], [64, 65]) 0.2569332718849182
([65], [66, 67]) 0.649807333946228
([66], [68]) 0.66412353515625
([67], [69]) 0.5184814929962158
([68], [70]) 0.4690271317958832
([69], [71]) 0.4159886837005615
([70], [72, 73]) 0.5470466017723083
([71], [74]) 0.34966030716896057
([72], [75]) 0.36616116762161255
([73], [76, 77]) 0.5409533977508545
([74], [78]) 0.5998591780662537
([75], [79, 80]) 0.5611079335212708
([76], [81]) 0.3518044054508209
([77], [82]) 0.46338173747062683
([78], [83, 84]) 0.5572533011436462
([79], [85]) 0.6475247740745544
([80], [86]) 0.373879075050354
([81], [87]) 0.3811962604522705
([82], [88]) 0.6810509562492371
([83], [89]) 0.5738971829414368
([84], [90]) 0.8504806160926819
([85], [91, 92]) 0.41212785243988037
([86], [93]) 0.5122929215431213
([87], [94, 95]) 0.37540289759635925
([88], [96]) 0.6346432566642761
([89], [97]) 0.27237769961357117
([90], [98]) 0.5471017956733704
([91], [99]) 0.6716344356536865
([92], [100, 101]) 0.3511352837085724
([93], [102]) 0.386057049036026
([94], [103]) 0.5538613200187683
([95], [104]) 0.36259910464286804
([96], [105]) 0.46451738476753235
([97], [106, 107]) 0.32027190923690796
([98], [108]) 0.33120906352996826
([99], [109]) 0.42162030935287476
([100, 101], [110]) 0.3571608364582062
([102], [111]) 0.3900902271270752
([103], [112]) 0.30747416615486145
([104], [113]) 0.42783501744270325
([105], [114]) 0.4744964838027954
([106], [115, 116]) 0.5147615671157837
([107], [117, 118]) 0.5187243819236755
([108], [119]) 0.7026037573814392
([109, 110], [120]) 0.4230158030986786
([111], [121]) 0.40231582522392273
([112], [122]) 0.6104800701141357
([113], [123]) 0.6796954870223999
([114], [124, 125, 126, 127]) 0.6518736481666565
([115], [128]) 0.6760969758033752
([116], [129]) 0.5741750597953796
([117], [130]) 0.34784847497940063
([118], [131]) 0.5327728986740112
([119], [132]) 0.6046023964881897
([120], [133]) 0.4164470136165619
([121], [134]) 0.34570789337158203
([122], [135]) 0.6697627902030945
([123, 124], [136]) 0.6056050658226013
([125], [137]) 0.6651976704597473
([126], [138]) 0.2810988426208496
([127], [139]) 0.40943029522895813
([128], [140]) 0.7204350829124451
([129, 130, 131], [141]) 0.3524726629257202
([132], [142]) 0.8459117412567139
([133, 134], [143]) 0.48913946747779846
([135], [144]) 0.4277085065841675
([136], [145]) 0.3553323745727539
([137], [146]) 0.42389264702796936
([138, 139], [147]) 0.38608846068382263
([140], [148]) 0.4505004584789276
([141], [149]) 0.3141135573387146
([142], [150]) 0.6062490940093994
([143, 144], [151]) 0.4848596751689911
([145, 146], [152]) 0.4782222807407379
([147], [153]) 0.6203574538230896
([148], [154]) 0.5079938173294067
([149], [155]) 0.5077394247055054
([150, 151, 152], [156]) 0.5051376819610596
([153], [157]) 0.6232820153236389
([154], [158]) 0.5319472551345825
([155], [159]) 0.539050817489624
([156], [160]) 0.39451417326927185
([157, 158, 159], [161]) 0.48663918177286786
([160], [162]) 0.4917086064815521
([161], [163, 164]) 0.5513659715652466
([162, 163], [165]) 0.5621638298034668
([164], [166]) 0.3605891168117523
([165], [167]) 0.605090320110321
([166], [168]) 0.36796486377716064
([167, 168], [169]) 0.38552433252334595
([169], [170]) 0.6336307525634766
([170], [171]) 0.6315239667892456
([171], [172]) 0.5097400546073914
([172], [173]) 0.4783923625946045
([173], [174]) 0.3801160454750061
([174], [175, 176]) 0.3205083906650543
([175], [177]) 0.49638742208480835
([176], [178, 179]) 0.39578691124916077
([177], [180, 181]) 0.23793849349021912
([178], [182]) 0.5964888334274292
([179], [183]) 0.5960467457771301
([180], [184]) 0.51356440782547
([181], [185, 186]) 0.5604659914970398
([182], [187]) 0.5371085405349731
([183], [188, 189]) 0.4205430746078491
([184], [190]) 0.3401525914669037
([185], [191]) 0.40321600437164307
([186], [192]) 0.403055876493454
([187], [193, 194]) 0.3983684778213501
([188], [195]) 0.40861260890960693
([189], [196]) 0.515605628490448
([190], [197]) 0.4639303386211395
([191], [198]) 0.579238772392273
([192], [199]) 0.5628290772438049
([193], [200]) 0.4304843246936798
([194], [201, 202]) 0.4237169325351715
([195], [203]) 0.350912481546402
([196], [204]) 0.530590832233429
([197], [205, 206]) 0.6604078412055969
([198], [207]) 0.5951117873191833
([199], [208]) 0.8386033773422241
([200], [209]) 0.5873088836669922
([201], [210]) 0.46665018796920776
([202], [211]) 0.42046958208084106
([203], [212]) 0.48345521092414856
([204], [213]) 0.41349661350250244
([205], [214]) 0.5520577430725098
([206], [215]) 0.6099847555160522
([207], [216]) 0.7141693830490112
([208], [217]) 0.6113117337226868
([209], [218, 219]) 0.4619120657444
([210], [220]) 0.3938409090042114
([211], [221]) 0.3560900390148163
([212], [222]) 0.4056585431098938
([213], [223]) 0.5037499070167542
([214], [224]) 0.3684541881084442
([215], [225]) 0.5465731024742126
([216], [226, 227]) 0.4816473722457886
([217], [228]) 0.3273312449455261
([218], [229]) 0.5534123182296753
([219], [230]) 0.2847164571285248
([220], [231, 232]) 0.3854430913925171
([221], [233]) 0.37526068091392517
([222], [234]) 0.2950722277164459
([223], [235]) 0.4728527069091797
([224], [236]) 0.28193333745002747
([225], [237]) 0.40942254662513733
([226], [238]) 0.7170506715774536
([227], [239]) 0.4380336105823517
([228, 229], [240]) 0.6313967108726501
([230], [241]) 0.662052571773529
([231], [242]) 0.31059888005256653
([232], [243]) 0.49072712659835815
([233], [244, 245]) 0.3254261016845703
([234], [246, 247]) 0.45355111360549927
([235], [248]) 0.5506091117858887
([236], [249]) 0.2969833016395569
([237], [250]) 0.4707774519920349
([238], [251]) 0.42236751317977905
([239], [252]) 0.485393762588501
([240], [253, 254]) 0.36714720726013184
([241], [255, 256, 257]) 0.5339622894922892
([242], [258]) 0.5878548622131348
([243], [259]) 0.49157628417015076
([244], [260]) 0.4126320779323578
([245], [261]) 0.46048539876937866
([246], [262, 263]) 0.5832276344299316
([247], [264]) 0.47787612676620483
([248], [265]) 0.6686414480209351
([249], [266]) 0.3056829869747162
([250], [267]) 0.5342366695404053
([251], [268]) 0.3855425715446472
([252], [269]) 0.5079620480537415
([253], [270]) 0.8363552689552307
([254], [271]) 0.4619496762752533
([255], [272]) 0.30377882719039917
([256], [273]) 0.6846886873245239
([257], [274]) 0.5317240953445435
([258], [275]) 0.2549419105052948
([259], [276]) 0.3856636583805084
([260], [277]) 0.38184332847595215
([261], [278]) 0.6288241147994995
([262], [279]) 0.6647419929504395
([263], [280]) 0.28539958596229553
([264], [281]) 0.7647693753242493
([265], [282, 283]) 0.43749067187309265
([266], [284]) 0.3347102701663971
([267], [285]) 0.46318483352661133
([268], [286]) 0.52101069688797
([269], [287]) 0.44095227122306824
([270], [288, 289]) 0.6048160791397095
([271], [290, 291]) 0.3633260428905487
([272], [292]) 0.3007093071937561
([273], [293]) 0.34920158982276917
([274], [294]) 0.25884655117988586
([275], [295, 296]) 0.36958789825439453
([276], [297, 298]) 0.36319902539253235
([277], [299]) 0.5537804365158081
([278], [300]) 0.6698402762413025
([279], [301]) 0.5807849168777466
([280], [302]) 0.40558061003685
([281], [303]) 0.5664998888969421
([282, 283], [304]) 0.6059218049049377
([284], [305]) 0.48118850588798523
([285], [306, 307]) 0.39038801193237305
([286], [308]) 0.5266498923301697
([287, 288], [309]) 0.39207589626312256
([289], [310]) 0.43346935510635376
([290], [311]) 0.35725903511047363
([291], [312]) 0.5198971629142761
([292], [313]) 0.7641584873199463
([293], [314]) 0.7052930593490601
([294], [315]) 0.1808784455060959
([295], [316, 317]) 0.340503990650177
([296], [318, 319]) 0.44811394810676575
([297], [320]) 0.42539429664611816
([298], [321]) 0.4266716241836548
([299], [322, 323]) 0.4125174880027771
([300], [324]) 0.49474629759788513
([301], [325]) 0.5482000112533569
([302], [326]) 0.41505324840545654
([303], [327, 328]) 0.4944157004356384
([304], [329]) 0.41765299439430237
([305], [330]) 0.23050610721111298
([306], [331]) 0.6402096748352051
([307], [332, 333]) 0.4200691282749176
([308], [334]) 0.45442086458206177
([309], [335]) 0.8257026672363281
([310], [336, 337]) 0.3370596468448639
([311], [338]) 0.5762328505516052
([312], [339]) 0.39484167098999023
([313], [340]) 0.33654046058654785
([314], [341]) 0.5591714978218079
([315], [342]) 0.5796687006950378
([316], [343]) 0.3892378807067871
([317], [344]) 0.4763798415660858
([318], [345]) 0.5707119107246399
([319], [346]) 0.788082480430603
([320], [347]) 0.4714793264865875
([321], [348]) 0.3765633702278137
([322], [349]) 0.293027400970459
([323], [350]) 0.6254343390464783
([324], [351]) 0.6429195404052734
([325], [352]) 0.4467844069004059
([326], [353]) 0.818032443523407
([327], [354]) 0.31499189138412476
([328], [355, 356]) 0.40464526414871216
([329], [357, 358, 359]) 0.6667662461598715
([330], [360]) 0.6196034550666809
([331], [361]) 0.5379807353019714
([332], [362]) 0.6007062792778015
([333], [363]) 0.4905838668346405
([334], [364]) 0.6030302047729492
([335], [365, 366]) 0.6564040184020996
([336], [367]) 0.4266108572483063
([337], [368]) 0.5350545644760132
([338], [369]) 0.7373709678649902
([339], [370]) 0.6673761010169983
([340], [371]) 0.4959838390350342
([341], [372]) 0.39745861291885376
([342], [373]) 0.6696382761001587
([343], [374, 375]) 0.5101048946380615
([344], [376]) 0.4344038665294647
([345], [377]) 0.32491981983184814
([346], [378]) 0.36934247612953186
([347], [379]) 0.41202661395072937
([348], [380]) 0.38469937443733215
([349], [381, 382]) 0.421321302652359
([350], [383]) 0.8249796032905579
([351], [384]) 0.4757472574710846
([352], [385]) 0.5689915418624878
([353], [386]) 0.702681839466095
([354], [387, 388]) 0.5742936730384827
([355], [389]) 0.3827724754810333
([356], [390]) 0.4868568181991577
([357], [391]) 0.5064489841461182
([358], [392]) 0.5871008634567261
([359], [393]) 0.559769868850708
([360], [394, 395]) 0.6341891288757324
([361], [396, 397]) 0.4588155746459961
([362], [398]) 0.6164775490760803
([363], [399]) 0.539833128452301
([364], [400]) 0.5602702498435974
([365], [401, 402]) 0.6346392631530762
([366], [403]) 0.3797782361507416
([367], [404]) 0.4780958294868469
([368], [405]) 0.3237718343734741
([369], [406, 407]) 0.33851349353790283
([370], [408, 409]) 0.4516242742538452
([371], [410]) 0.5842278599739075
([372], [411]) 0.4329790771007538
([373], [412]) 0.4977179169654846
([374], [413]) 0.5750219821929932
([375], [414]) 0.4142950773239136
([376], [415]) 0.5283437967300415
([377], [416]) 0.6126697063446045
([378], [417]) 0.694879949092865
([379], [418]) 0.48754146695137024
([380], [419]) 0.485394686460495
([381], [420]) 0.4837672710418701
([382], [421]) 0.7447328567504883
([383], [422]) 0.4978279769420624
([384], [423, 424]) 0.5412095189094543
([385], [425]) 0.5431568622589111
([386], [426]) 0.5142236948013306
([387], [427]) 0.7472673058509827
([388], [428]) 0.4094025194644928
([389], [429, 430]) 0.44228073954582214
([390], [431]) 0.5813010931015015
([391], [432]) 0.6225774884223938
([392], [433]) 0.5386703610420227
([393], [434]) 0.6235089302062988
([394], [435]) 0.5493013262748718
([395], [436, 437]) 0.41854116320610046
([396], [438]) 0.7138137817382812
([397], [439]) 0.4863578677177429
([398], [440]) 0.5506213307380676
([399], [441]) 0.3792707324028015
([400], [442, 443]) 0.42401301860809326
([401], [444]) 0.35556140542030334
([402], [445, 446]) 0.4594271779060364
([403], [447]) 0.505886435508728
([404], [448]) 0.513584315776825
([405], [449]) 0.8418092131614685
([406], [450]) 0.5206889510154724
([407], [451]) 0.6201127767562866
([408], [452, 453]) 0.39701732993125916
([409], [454]) 0.43239638209342957
([410], [455]) 0.36496633291244507
([411], [456]) 0.47101131081581116
([412], [457]) 0.7086825966835022
([413], [458]) 0.3768642544746399
([414], [459]) 0.7631774544715881
([415], [460]) 0.6456848382949829
([416], [461, 462]) 0.7629997730255127
([417], [463]) 0.3011927902698517
([418], [464, 465]) 0.542037308216095
([419], [466]) 0.6244968771934509
([420], [467]) 0.5152130126953125
([421], [468]) 0.5970766544342041
([422], [469]) 0.3629240095615387
([423], [470]) 0.44151386618614197
([424], [471]) 0.43104711174964905
([425], [472, 473]) 0.5084741115570068
([426], [474]) 0.7942471504211426
([427], [475]) 0.5736671090126038
([428], [476]) 0.43944284319877625
([429, 430], [477]) 0.4423299729824066
([431], [478, 479, 480]) 0.39873838424682617
([432, 433], [481]) 0.5477719902992249
([434], [482]) 0.5111550092697144
([435], [483, 484, 485]) 0.486089547475179
([436], [486]) 0.5473928451538086
([437], [487]) 0.3612009882926941
([438], [488]) 0.6167313456535339
([439], [489]) 0.4936104118824005
([440], [490, 491]) 0.4330284595489502
([441], [492]) 0.594971239566803
([442], [493]) 0.32660749554634094
([443], [494]) 0.8226737380027771
([444], [495]) 0.6771855354309082
([445], [496]) 0.4848819077014923
([446], [497]) 0.8619670867919922
([447], [498]) 0.6860644817352295
([448], [499]) 0.4056738317012787
([449], [500]) 0.35117894411087036
([450], [501]) 0.6789485812187195
([451], [502, 503]) 0.5248711109161377
([452], [504, 505]) 0.4731980562210083
([453], [506]) 0.3643195927143097
([454], [507]) 0.5028702616691589
([455], [508]) 0.5009928345680237
([456], [509]) 0.5286632776260376
([457], [510]) 0.4345638155937195
([458], [511]) 0.6704075932502747
([459], [512, 513]) 0.7915182709693909
([460], [514]) 0.44689542055130005
([461], [515]) 0.41301560401916504
([462], [516]) 0.5322793126106262
([463], [517]) 0.7666116952896118
([464], [518]) 0.8369504809379578
([465], [519]) 0.49744370579719543
([466], [520]) 0.3272809684276581
([467], [521]) 0.4690289795398712
([468], [522]) 0.5925829410552979
([469], [523]) 0.6986384987831116
([470], [524]) 0.5783828496932983
([471], [525, 526]) 0.4456833004951477
([472], [527]) 0.525969386100769
([473], [528]) 0.4563739001750946
([474], [529, 530]) 0.40895095467567444
([475], [531]) 0.7040573954582214
([476], [532, 533]) 0.6670770645141602
([477], [534]) 0.45403143763542175
([478, 479], [535]) 0.5680808424949646
([480], [536]) 0.6394737362861633
([481], [537]) 0.6717897057533264
([482], [538]) 0.8035018444061279
([483], [539]) 0.4630720019340515
([484], [540, 541]) 0.2787940800189972
([485], [542, 543]) 0.3477250635623932
([486], [544, 545]) 0.4622511863708496
([487], [546]) 0.8846251964569092
([488], [547]) 0.8401510119438171
([489], [548, 549]) 0.516948401927948
([490], [550]) 0.47743120789527893
([491], [551]) 0.5080615878105164
([492], [552]) 0.5865379571914673
([493], [553]) 0.43251100182533264
([494], [554]) 0.4489929676055908
([495], [555]) 0.3732547461986542
([496], [556]) 0.2872486114501953
([497], [557]) 0.26834845542907715
([498], [558]) 0.516348123550415
([499], [559]) 0.3254489302635193
([500], [560]) 0.46102237701416016
([501], [561]) 0.662787139415741
([502], [562, 563]) 0.5503832697868347
([503], [564]) 0.3540259301662445
([504], [565]) 0.41088438034057617
([505], [566]) 0.41426602005958557
([506], [567, 568]) 0.3780539929866791
([507], [569, 570]) 0.43761146068573
([508], [571]) 0.5592224597930908
([509], [572]) 0.6096630692481995
([510], [573]) 0.1540507972240448
([511], [574]) 0.4630317986011505
([512], [575]) 0.6864845752716064
([513], [576]) 0.46852031350135803
([514], [577]) 0.5432125329971313
([515], [578]) 0.3559688627719879
([516], [579]) 0.5361252427101135
([517], [580]) 0.4131426513195038
([518], [581]) 0.5566179156303406
([519], [582]) 0.823116660118103
([520], [583]) 0.6468468308448792
([521], [584]) 0.3465314209461212
([522], [585]) 0.5618947744369507
([523], [586]) 0.352666974067688
([524], [587]) 0.8871031999588013
([525], [588]) 0.4972010552883148
([526, 527], [589]) 0.4794500172138214
([528], [590]) 0.586834728717804
([529], [591, 592]) 0.4024648070335388
([530], [593]) 0.7137919068336487
([531], [594]) 0.5058109164237976
([532], [595]) 0.554182767868042
([533], [596]) 0.4940090775489807
([534], [597]) 0.7172462940216064
([535], [598, 599]) 0.40210849046707153
([536, 537], [600]) 0.44769287109375
([538], [601]) 0.7043477892875671
([539], [602]) 0.5013973116874695
([540], [603, 604, 605]) 0.36223475138346356
([541], [606]) 0.649233341217041
([542, 543], [607]) 0.4823649525642395
([544], [608]) 0.4838087558746338
([545], [609]) 0.6256697177886963
([546], [610, 611]) 0.3995966911315918
([547], [612]) 0.5295325517654419
([548], [613]) 0.41854289174079895
([549], [614]) 0.5532358288764954
([550], [615]) 0.556789755821228
([551], [616]) 0.851751446723938
([552], [617]) 0.39216265082359314
([553], [618]) 0.4366661310195923
([554], [619]) 0.48541149497032166
([555], [620]) 0.5043970346450806
([556], [621]) 0.6585049629211426
([557], [622, 623, 624]) 0.6585455338160197
([558], [625]) 0.1808864325284958
([559], [626]) 0.7504067420959473
([560], [627]) 0.7692012786865234
([561], [628, 629]) 0.4396350085735321
([562], [630]) 0.567279040813446
([563], [631]) 0.3481554388999939
([564], [632]) 0.7346975803375244
([565, 566], [633]) 0.5544314980506897
