([0], [0, 1]) 0.6525893211364746
([1, 2, 3], [2]) 0.5368767182032267
([4, 5, 6, 7, 8, 9, 10], [3]) 0.33662196568080355
([11], [4]) 0.5232015252113342
([12], [5, 6, 7, 8]) 0.35440579056739807
([13], [9]) 0.35950806736946106
([14], [10]) 0.5497267246246338
([15], [11]) 0.32539352774620056
([16, 17], [12]) 0.2970558702945709
([18], [13]) 0.33856484293937683
([19], [14]) 0.229801744222641
([20], [15, 16]) 0.2981721758842468
([21], [17]) 0.31750327348709106
([22], [18]) 0.41374513506889343
([23], [19]) 0.2227044701576233
([24], [20]) 0.473863422870636
([25], [21]) 0.39816078543663025
([26], [22]) 0.42735034227371216
([27, 28, 29, 30], [23]) 0.45751073956489563
([31, 32], [24]) 0.6260616779327393
([33, 34], [25]) 0.48724597692489624
([35, 36], [26]) 0.39762651920318604
([37], [27]) 0.3262941241264343
([38], [28]) 0.5529650449752808
([39], [29]) 0.32431429624557495
([40], [30]) 0.311322957277298
([41], [31]) 0.4361039698123932
([42], [32]) 0.36288103461265564
([43], [33, 34]) 0.48947373032569885
([44], [35]) 0.5012568831443787
([45], [36]) 0.40861520171165466
([46], [37]) 0.2690257728099823
([47], [38]) 0.4753323197364807
([48], [39]) 0.6364112496376038
([49], [40]) 0.3178535997867584
([50], [41]) 0.2547154724597931
([51, 52, 53], [42]) 0.30158034960428876
([54], [43, 44, 45]) 0.49424978097279865
([55], [46]) 0.4152129292488098
([56], [47]) 0.3747032582759857
([57], [48]) 0.5892964005470276
([58], [49, 50]) 0.33407410979270935
([59], [51]) 0.726741373538971
([60], [52]) 0.45855873823165894
([61], [53]) 0.6199785470962524
([62], [54]) 0.5913279056549072
([63], [55]) 0.8058751225471497
([64], [56, 57]) 0.482378751039505
([65], [58]) 0.511272132396698
([66], [59]) 0.4085753560066223
([67], [60]) 0.39817750453948975
([68], [61, 62]) 0.44468986988067627
([69], [63]) 0.3583446741104126
([70], [64, 65]) 0.6089644432067871
([71], [66]) 0.5368399620056152
([72], [67, 68]) 0.46720966696739197
([73], [69]) 0.5637438893318176
([74], [70]) 0.7847784757614136
([75], [71]) 0.7612105011940002
([76], [72]) 0.5644515156745911
([77], [73]) 0.5999854207038879
([78], [74]) 0.527621328830719
([79], [75]) 0.662407636642456
([80], [76]) 0.4548957347869873
([81, 82], [77]) 0.23819807171821594
([83], [78]) 0.3875352442264557
([84], [79]) 0.2106982171535492
([85], [80]) 0.36392849683761597
([86], [81]) 0.3420769274234772
([87], [82]) 0.498172402381897
([88], [83]) 0.3703537583351135
([89], [84]) 0.30303364992141724
([90], [85]) 0.4467214047908783
([91], [86, 87]) 0.3491072654724121
([92], [88, 89]) 0.5459814667701721
([93], [90, 91]) 0.43294110894203186
([94], [92]) 0.40116429328918457
([95], [93]) 0.3794947564601898
([96], [94]) 0.4447956085205078
([97], [95]) 0.6154350638389587
([98], [96]) 0.41658294200897217
([99], [97]) 0.6831187009811401
([100], [98, 99]) 0.42940855026245117
([101], [100]) 0.8289958238601685
([102], [101]) 0.43360599875450134
([103], [102]) 0.5184437036514282
([104], [103]) 0.26386958360671997
([105], [104]) 0.4515390694141388
([106], [105]) 0.41648781299591064
([107], [106]) 0.27492213249206543
([108], [107]) 0.5235626697540283
([109], [108]) 0.3490476906299591
([110], [109]) 0.39738893508911133
([111], [110]) 0.5203589200973511
([112], [111]) 0.521292507648468
([113], [112, 113]) 0.42635706067085266
([114], [114]) 0.3623463213443756
([115], [115]) 0.40330421924591064
([116], [116]) 0.6343934535980225
([117], [117, 118]) 0.577200174331665
([118], [119]) 0.3391750156879425
([119], [120]) 0.4621390104293823
([120], [121, 122]) 0.7199627161026001
([121], [123]) 0.7431098818778992
([122], [124, 125, 126]) 0.5186593532562256
([123], [127]) 0.6440430283546448
([124], [128]) 0.7774025797843933
([125, 126], [129]) 0.5073599219322205
([127], [130]) 0.5753331184387207
([128], [131]) 0.4011622667312622
([129], [132]) 0.3760383129119873
([130], [133]) 0.43106910586357117
([131], [134]) 0.30168160796165466
([132], [135]) 0.35292375087738037
([133], [136]) 0.6826962828636169
([134], [137]) 0.3317181468009949
([135], [138]) 0.48925086855888367
([136], [139, 140]) 0.45346975326538086
([137], [141]) 0.19687888026237488
([138], [142, 143]) 0.38681837916374207
([139, 140], [144]) 0.39954257011413574
([141], [145]) 0.39542362093925476
([142], [146]) 0.483197957277298
([143], [147]) 0.37998446822166443
([144], [148]) 0.30098074674606323
([145], [149]) 0.4014456272125244
([146], [150, 151]) 0.4267039895057678
([147], [152]) 0.45155489444732666
([148], [153, 154]) 0.509606122970581
([149], [155]) 0.5008431077003479
([150], [156]) 0.568737804889679
([151], [157]) 0.37411239743232727
([152], [158, 159]) 0.3817717134952545
([153], [160, 161]) 0.3159639537334442
([154], [162]) 0.5666364431381226
([155], [163]) 0.9412973523139954
([156], [164]) 0.4892882704734802
([157], [165, 166, 167]) 0.48152883847554523
([158], [168]) 0.8826046586036682
([159], [169]) 0.7122079730033875
([160], [170]) 0.48452630639076233
([161], [171]) 0.3359115719795227
([162], [172]) 0.3678005337715149
([163], [173]) 0.3304598927497864
([164], [174, 175]) 0.4663562476634979
([165], [176]) 0.6484788656234741
([166], [177]) 0.5381630659103394
([167], [178]) 0.5486154556274414
([168], [179]) 0.2864880859851837
([169], [180]) 0.30241477489471436
([170], [181]) 0.9178470373153687
([171], [182]) 0.8418801426887512
([172], [183]) 0.6192736029624939
([173], [184]) 0.5461326837539673
([174], [185]) 0.8932941555976868
([175], [186]) 0.5015457272529602
([176], [187]) 0.2452673614025116
([177], [188]) 0.842533528804779
([178], [189]) 0.47293341159820557
([179], [190]) 0.51343834400177
([180], [191]) 0.42936426401138306
([181], [192]) 0.6688123941421509
([182], [193]) 0.5374417901039124
([183], [194]) 0.4280754327774048
([184], [195]) 0.46227213740348816
([185], [196]) 0.7149389982223511
([186], [197]) 0.2472190409898758
([187], [198]) 0.6398249864578247
([188], [199]) 0.5766298174858093
([189, 190], [200]) 0.45680639147758484
([191], [201]) 0.38496696949005127
([192], [202, 203]) 0.5842565894126892
([193], [204]) 0.4629724621772766
([194], [205]) 0.3316459655761719
([195], [206]) 0.37396034598350525
([196], [207]) 0.32585710287094116
([197], [208]) 0.26163578033447266
([198], [209, 210]) 0.39535436034202576
([199], [211]) 0.45559608936309814
([200, 201], [212]) 0.2895753085613251
([202], [213]) 0.34588465094566345
([203], [214]) 0.4374244511127472
([204], [215]) 0.46164485812187195
([205], [216]) 0.49560418725013733
([206], [217]) 0.7416986227035522
([207], [218]) 0.36023592948913574
([208], [219]) 0.5210655331611633
([209, 210], [220]) 0.3111090064048767
([211], [221]) 0.4272899031639099
([212], [222]) 0.5528828501701355
([213], [223]) 0.5166369080543518
([214], [224]) 0.34157124161720276
([215], [225]) 0.5099911093711853
([216], [226]) 0.4170140027999878
([217], [227]) 0.42018556594848633
([218], [228]) 0.7977992296218872
([219, 220], [229]) 0.5600206851959229
([221], [230]) 0.5073069334030151
([222], [231]) 0.3604392111301422
([223], [232]) 0.4927396774291992
([224], [233]) 0.6572784185409546
([225], [234, 235]) 0.5988792181015015
([226], [236]) 0.44068121910095215
([227], [237]) 0.5054728388786316
([228], [238]) 0.4130822718143463
([229], [239]) 0.5835525393486023
([230], [240]) 0.6415112018585205
([231], [241]) 0.3434632122516632
([232], [242]) 0.7653285264968872
([233], [243]) 0.47053954005241394
([234], [244, 245]) 0.4018889367580414
([235, 236], [246]) 0.39295661449432373
([237, 238, 239], [247]) 0.41402769088745117
([240, 241, 242, 243, 244, 245], [248]) 0.3403695027033488
([246, 247], [249]) 0.3500625789165497
([248], [250]) 0.8893033862113953
([249], [251, 252]) 0.5348861217498779
([250], [253, 254]) 0.6384100914001465
([251], [255]) 0.6112455129623413
([252], [256, 257]) 0.37184372544288635
([253], [258]) 0.2987848222255707
([254], [259]) 0.6300874948501587
([255], [260]) 0.660904586315155
([256], [261]) 0.3711821138858795
([257], [262]) 0.46292951703071594
([258], [263]) 0.3052726686000824
([259], [264, 265]) 0.6740286350250244
([260], [266]) 0.5539833903312683
([261], [267]) 0.41582393646240234
([262], [268]) 0.42006227374076843
([263], [269]) 0.164075568318367
([264], [270]) 0.2724367082118988
([265], [271]) 0.3913179039955139
([266], [272]) 0.4943685829639435
([267], [273]) 0.3656548261642456
([268], [274]) 0.8561554551124573
([269, 270], [275]) 0.4972788095474243
([271], [276, 277, 278]) 0.2597571611404419
([272], [279]) 0.3708462715148926
([273], [280, 281]) 0.40432217717170715
([274], [282]) 0.8813852071762085
([275], [283]) 0.4428322911262512
([276], [284]) 0.40307557582855225
([277], [285]) 0.5179615616798401
([278], [286, 287]) 0.5285916328430176
([279], [288]) 0.26364269852638245
([280], [289, 290]) 0.5629985332489014
([281], [291]) 0.3915468752384186
([282], [292]) 0.3723730444908142
([283], [293]) 0.15748827159404755
([284], [294, 295, 296]) 0.28768622875213623
([285], [297]) 0.4265100359916687
([286], [298]) 0.3945978581905365
([287], [299]) 0.7438467741012573
([288], [300, 301, 302]) 0.38750235239664715
([289], [303]) 0.5747300982475281
([290], [304]) 0.621668815612793
([291], [305]) 0.6429286599159241
([292], [306]) 0.47004950046539307
([293], [307]) 0.4843231439590454
([294], [308]) 0.2466123104095459
([295], [309]) 0.3540598750114441
([296], [310]) 0.3867195248603821
([297], [311]) 0.44893965125083923
([298], [312]) 0.36190351843833923
([299], [313]) 0.3762489855289459
([300, 301], [314]) 0.42411795258522034
([302], [315, 316]) 0.478987455368042
([303], [317]) 0.43162769079208374
([304], [318]) 0.3656906485557556
([305], [319]) 0.5680824518203735
([306], [320]) 0.572262704372406
([307], [321]) 0.5567708015441895
([308], [322]) 0.5580665469169617
([309], [323]) 0.6268461346626282
([310], [324]) 0.5464805364608765
([311], [325]) 0.3273373246192932
([312], [326]) 0.45314377546310425
([313], [327]) 0.4415626525878906
([314], [328]) 0.43299567699432373
([315], [329]) 0.31766605377197266
([316], [330]) 0.33440810441970825
([317], [331]) 0.7107516527175903
([318], [332, 333]) 0.3121999204158783
([319], [334]) 0.7664951682090759
([320], [335]) 0.6217553615570068
([321], [336]) 0.28315386176109314
([322], [337]) 0.35177260637283325
([323], [338]) 0.38400381803512573
([324], [339]) 0.44779378175735474
([325], [340]) 0.4015822410583496
([326], [341, 342]) 0.6466647982597351
([327], [343, 344]) 0.5014631152153015
([328], [345]) 0.5185498595237732
([329], [346]) 0.3417804539203644
([330], [347]) 0.5048779249191284
([331], [348, 349]) 0.5339541435241699
([332], [350]) 0.5933738946914673
([333], [351]) 0.4649336338043213
([334], [352]) 0.4111783802509308
([335, 336], [353]) 0.46819281578063965
([337, 338, 339], [354]) 0.35168902079264325
([340], [355]) 0.4271840453147888
([341], [356]) 0.39855048060417175
([342], [357]) 0.377914696931839
([343], [358]) 0.2072795331478119
([344], [359]) 0.36054152250289917
([345], [360, 361]) 0.5318909287452698
([346], [362]) 0.319367378950119
([347], [363]) 0.6204153895378113
([348], [364, 365]) 0.5469679236412048
([349], [366]) 0.48163509368896484
([350], [367]) 0.35239166021347046
([351], [368]) 0.48186370730400085
([352], [369]) 0.4450725018978119
([353], [370]) 0.27916157245635986
([354], [371]) 0.3961193263530731
([355], [372]) 0.416618287563324
([356], [373]) 0.41698265075683594
([357], [374, 375]) 0.32489266991615295
([358], [376]) 0.3746238648891449
([359], [377]) 0.4528975784778595
([360], [378]) 0.3573165237903595
([361], [379, 380]) 0.43229055404663086
([362], [381]) 0.5100191235542297
([363], [382]) 0.4656600058078766
([364], [383, 384]) 0.505765974521637
([365], [385]) 0.4202932119369507
([366], [386]) 0.42475301027297974
([367], [387]) 0.5634944438934326
([368], [388]) 0.5295376777648926
([369], [389]) 0.2044643759727478
([370], [390]) 0.2652794420719147
([371], [391]) 0.34150078892707825
([372, 373], [392]) 0.3108731508255005
([374], [393]) 0.452197790145874
([375], [394]) 0.6311111450195312
([376], [395]) 0.4529589116573334
([377], [396]) 0.38549870252609253
([378], [397]) 0.2987355887889862
([379], [398]) 0.4398480951786041
([380], [399, 400]) 0.45367902517318726
([381], [401]) 0.23861610889434814
([382], [402, 403]) 0.39083293080329895
([383], [404, 405, 406]) 0.40933334827423096
([384], [407]) 0.34507426619529724
([385], [408]) 0.47258293628692627
([386, 387], [409]) 0.5428365468978882
([388], [410]) 0.5016704201698303
([389], [411, 412]) 0.4926462769508362
([390], [413]) 0.5191564559936523
([391], [414]) 0.4948902130126953
([392], [415]) 0.342159628868103
([393], [416]) 0.566396176815033
([394], [417, 418, 419]) 0.5662781794865926
([395], [420]) 0.3572665750980377
([396], [421]) 0.4076504111289978
([397], [422, 423]) 0.4362693727016449
([398], [424]) 0.6658831834793091
([399], [425]) 0.40534698963165283
([400], [426]) 0.4478127062320709
([401], [427]) 0.5844120979309082
([402], [428]) 0.395373672246933
([403, 404], [429]) 0.4562862813472748
([405], [430]) 0.47976943850517273
([406], [431]) 0.36652353405952454
([407], [432]) 0.3052408695220947
([408], [433]) 0.48190996050834656
([409], [434, 435]) 0.6300591826438904
([410], [436]) 0.4635846018791199
([411], [437]) 0.3778803050518036
([412], [438, 439]) 0.42465558648109436
([413], [440]) 0.4770398736000061
([414], [441]) 0.633783221244812
([415], [442]) 0.5131703615188599
([416], [443]) 0.4348392188549042
([417], [444, 445]) 0.2993699908256531
([418], [446]) 0.8312386870384216
([419], [447]) 0.46099376678466797
([420], [448]) 0.3647504448890686
([421], [449]) 0.4099777638912201
([422], [450]) 0.46030569076538086
([423], [451]) 0.26114556193351746
([424], [452, 453, 454, 455, 456]) 0.4421562671661377
([425], [457]) 0.27663713693618774
([426], [458, 459]) 0.42731139063835144
([427], [460]) 0.39689818024635315
([428], [461]) 0.5346029996871948
([429], [462]) 0.40364086627960205
([430], [463]) 0.5511813163757324
([431], [464]) 0.8268285989761353
([432], [465]) 0.38748636841773987
([433], [466]) 0.2743678092956543
([434, 435], [467]) 0.47731152176856995
([436], [468, 469]) 0.41547465324401855
([437], [470]) 0.4319753348827362
([438], [471]) 0.5596370100975037
([439], [472]) 0.517730712890625
([440], [473, 474]) 0.3262338936328888
([441], [475, 476, 477]) 0.45470468203226727
([442], [478]) 0.42259716987609863
([443], [479]) 0.25173789262771606
([444], [480, 481]) 0.5215650200843811
([445], [482, 483]) 0.4053994417190552
([446, 447, 448], [484]) 0.5126660664876302
([449], [485, 486]) 0.5560340881347656
([450], [487]) 0.4767913520336151
([451], [488, 489]) 0.37866365909576416
([452], [490, 491]) 0.42781969904899597
([453], [492]) 0.5106128454208374
([454], [493]) 0.5501054525375366
([455], [494]) 0.5576177835464478
([456], [495]) 0.3873401880264282
([457], [496]) 0.5128003358840942
([458], [497]) 0.6703544855117798
([459], [498]) 0.7770397663116455
([460], [499]) 0.6172983050346375
([461], [500, 501, 502]) 0.2203641931215922
([462], [503]) 0.4032813012599945
([463], [504]) 0.4462152421474457
([464], [505]) 0.5756007432937622
([465], [506]) 0.6006566286087036
([466], [507]) 0.53267902135849
([467], [508]) 0.6045951843261719
([468], [509]) 0.21045391261577606
([469], [510]) 0.44100287556648254
([470], [511, 512]) 0.28729745745658875
([471], [513]) 0.8422568440437317
([472], [514]) 0.7770288586616516
([473], [515]) 0.7371852397918701
([474], [516]) 0.3054388761520386
([475], [517]) 0.5749295353889465
([476], [518]) 0.8000918626785278
([477], [519]) 0.7596573829650879
([478, 479], [520]) 0.4033842980861664
([480], [521]) 0.5343928337097168
([481], [522]) 0.5466680526733398
([482], [523]) 0.5982080101966858
([483], [524]) 0.4570012092590332
([484], [525]) 0.6457607746124268
([485], [526]) 0.4810246527194977
([486], [527]) 0.33307161927223206
([487], [528]) 0.7623697519302368
([488, 489], [529]) 0.6467397212982178
([490], [530]) 0.6444653868675232
([491], [531]) 0.5534688830375671
([492], [532]) 0.4254758954048157
([493], [533]) 0.3023185133934021
([494, 495], [534]) 0.4979696273803711
([496], [535]) 0.3220269978046417
([497], [536]) 0.38412392139434814
([498], [537, 538]) 0.4023880660533905
([499], [539]) 0.3951129615306854
([500], [540]) 0.5280495882034302
([501, 502], [541]) 0.3307018280029297
([503], [542]) 0.2696238160133362
([504], [543, 544]) 0.6053850054740906
([505], [545]) 0.3950806260108948
([506], [546]) 0.48403823375701904
([507], [547]) 0.39583370089530945
([508], [548]) 0.3334870934486389
([509], [549]) 0.5870092511177063
([510], [550, 551]) 0.48937416076660156
([511], [552]) 0.4998208284378052
([512], [553]) 0.43826809525489807
([513], [554]) 0.347286581993103
([514], [555]) 0.6234812140464783
([515], [556]) 0.3372485339641571
([516], [557]) 0.6514887809753418
([517], [558]) 0.4821620583534241
([518], [559]) 0.27558061480522156
([519], [560]) 0.5689916014671326
([520], [561]) 0.5018890500068665
([521], [562]) 0.3733856678009033
([522], [563]) 0.5011451244354248
([523], [564]) 0.458734929561615
([524], [565]) 0.3809926509857178
([525], [566]) 0.19596898555755615
([526], [567]) 0.6261566877365112
([527], [568]) 0.31325364112854004
([528], [569]) 0.6639179587364197
([529], [570]) 0.6819819808006287
([530], [571]) 0.3863242566585541
([531], [572]) 0.25786393880844116
([532], [573, 574]) 0.5088257193565369
([533], [575]) 0.7313053011894226
([534], [576]) 0.5042896866798401
([535], [577]) 0.4262053668498993
([536], [578]) 0.6178889274597168
([537], [579]) 0.6016407608985901
([538, 539], [580]) 0.564542829990387
([540], [581]) 0.49318385124206543
([541], [582]) 0.4041144847869873
([542, 543], [583]) 0.33037886023521423
([544], [584]) 0.3824463486671448
([545], [585]) 0.41576486825942993
([546], [586, 587]) 0.6844726204872131
([547], [588, 589]) 0.46287885308265686
([548], [590, 591]) 0.47018322348594666
([549], [592]) 0.363743394613266
([550], [593]) 0.5318459868431091
([551], [594, 595]) 0.45947033166885376
([552], [596]) 0.480766624212265
([553], [597]) 0.6371942758560181
([554], [598]) 0.5063890218734741
([555], [599]) 0.6413136720657349
([556], [600]) 0.4353279769420624
([557], [601]) 0.4238360822200775
([558], [602]) 0.37013328075408936
([559], [603, 604]) 0.2916451692581177
([560], [605]) 0.4756932854652405
([561], [606]) 0.4200736880302429
([562], [607]) 0.5367491841316223
([563], [608]) 0.36029624938964844
([564], [609]) 0.3375905752182007
([565], [610]) 0.41061338782310486
([566], [611]) 0.33956989645957947
([567], [612]) 0.47518664598464966
([568], [613]) 0.4530082643032074
([569], [614]) 0.32449454069137573
([570], [615]) 0.3423360586166382
([571], [616]) 0.35662761330604553
([572], [617]) 0.4343654215335846
([573], [618]) 0.5887645483016968
([574], [619]) 0.6429362297058105
([575], [620]) 0.34691229462623596
([576], [621]) 0.5793299674987793
([577], [622]) 0.353245347738266
([578], [623, 624]) 0.3757385313510895
([579], [625]) 0.2781178653240204
([580], [626]) 0.46503204107284546
([581], [627]) 0.3549116551876068
([582], [628, 629]) 0.483906626701355
([583], [630]) 0.29246044158935547
([584], [631]) 0.21862980723381042
([585], [632]) 0.5122242569923401
([586], [633]) 0.4334528148174286
([587, 588], [634]) 0.47187936305999756
([589], [635]) 0.601529061794281
([590], [636]) 0.5336718559265137
([591], [637]) 0.6818727850914001
([592], [638, 639]) 0.3951800763607025
([593], [640, 641]) 0.3706222176551819
([594], [642, 643]) 0.30753064155578613
([595], [644]) 0.4541584551334381
([596], [645]) 0.5221602320671082
([597], [646]) 0.5406426191329956
([598], [647, 648]) 0.3469296991825104
([599], [649]) 0.31834426522254944
([600], [650]) 0.6892188191413879
([601], [651]) 0.5827547311782837
([602], [652]) 0.5278962850570679
([603], [653]) 0.22795888781547546
([604], [654, 655]) 0.3597562611103058
([605], [656]) 0.38799217343330383
([606], [657]) 0.4726366698741913
([607], [658]) 0.426954448223114
([608], [659]) 0.7060630321502686
([609], [660]) 0.3287334144115448
([610], [661, 662]) 0.2418406903743744
([611], [663]) 0.37781599164009094
([612], [664]) 0.44566482305526733
([613], [665]) 0.543579638004303
([614], [666]) 0.5301578044891357
([615], [667]) 0.3957175612449646
([616], [668]) 0.3863288164138794
([617], [669]) 0.5561110973358154
([618], [670]) 0.4560556411743164
([619, 620], [671]) 0.34334683418273926
([621], [672]) 0.7315636873245239
([622], [673]) 0.443728506565094
([623], [674]) 0.7175472974777222
([624], [675]) 0.38904011249542236
([625], [676]) 0.3374500572681427
([626], [677]) 0.4787026643753052
([627], [678]) 0.6029884219169617
([628], [679]) 0.4851439893245697
([629], [680]) 0.43659982085227966
([630], [681]) 0.5987340211868286
([631], [682]) 0.4168928563594818
([632], [683]) 0.4204356372356415
([633], [684]) 0.39944127202033997
([634], [685]) 0.39210256934165955
([635], [686]) 0.531844973564148
([636], [687]) 0.41410642862319946
([637], [688]) 0.7441944479942322
([638], [689]) 0.6607007384300232
([639], [690]) 0.3449382483959198
([640], [691]) 0.3560011386871338
([641], [692]) 0.4881715476512909
([642], [693, 694]) 0.5013216137886047
([643], [695]) 0.35634997487068176
([644], [696]) 0.4797000288963318
([645], [697]) 0.5311568975448608
([646, 647], [698]) 0.6147703528404236
([648], [699]) 0.7780194282531738
([649], [700]) 0.25741803646087646
([650], [701]) 0.5571258664131165
([651], [702]) 0.3891397714614868
([652], [703]) 0.32774874567985535
([653], [704]) 0.7852739691734314
([654, 655], [705]) 0.33931639790534973
([656], [706, 707]) 0.5574233531951904
([657], [708]) 0.25318700075149536
([658], [709, 710]) 0.39819222688674927
([659], [711]) 0.651403546333313
([660], [712]) 0.5111892819404602
([661], [713]) 0.5604221224784851
([662], [714]) 0.9067237377166748
([663], [715]) 0.2874736189842224
([664], []) 0.0
([665], [716]) 0.4692213833332062
([666], [717]) 0.6816394329071045
([667], [718, 719]) 0.7449860572814941
([668], [720]) 0.5512879490852356
([669], [721]) 0.5121473670005798
([670], [722]) 0.7671937942504883
([671], [723, 724]) 0.6000465154647827
([672], [725]) 0.2717052698135376
([673], [726]) 0.32454001903533936
([674], [727]) 0.5713503360748291
([675], [728]) 0.4897163212299347
([676], [729]) 0.2945828139781952
([677], [730]) 0.5845569372177124
([678], [731]) 0.5018296837806702
([679], [732]) 0.45688292384147644
([680], [733]) 0.7015160918235779
([681], [734]) 0.7025999426841736
([682], [735, 736]) 0.4373464584350586
([683], [737, 738]) 0.47751131653785706
([684], [739]) 0.5516408681869507
([685], [740]) 0.538510262966156
([686], [741]) 0.36523860692977905
([687], [742]) 0.4990350008010864
([688], [743]) 0.5048894882202148
([689], [744]) 0.2518902122974396
([690], [745]) 0.7466925978660583
([691], [746]) 0.6797457337379456
([692], [747]) 0.47859734296798706
([693], [748]) 0.49994146823883057
([694], [749]) 0.3072282075881958
([695], [750]) 0.7140350341796875
([696], [751]) 0.4210456907749176
([697], [752]) 0.4932105541229248
([698], [753]) 0.6389857530593872
([699], [754]) 0.2630985677242279
([700], [755]) 0.37992340326309204
([701], [756]) 0.5044860243797302
([702], [757, 758]) 0.5629792213439941
([703], [759]) 0.5262846350669861
([704], [760]) 0.6290476322174072
([705], [761]) 0.3619458079338074
([706], [762]) 0.41139763593673706
([707], [763]) 0.41423505544662476
([708, 709], [764]) 0.30590954422950745
([710], [765, 766]) 0.3122377097606659
([711], [767]) 0.232210174202919
([712], [768]) 0.376409649848938
([713], [769]) 0.47192272543907166
([714], [770]) 0.6016848087310791
([715], [771]) 0.4673425853252411
([716], [772, 773]) 0.46226802468299866
([717], [774]) 0.26351335644721985
([718], [775]) 0.4226020574569702
([719], [776]) 0.3879724442958832
([720], [777]) 0.4758155345916748
([721], [778]) 0.6441710591316223
([722], [779]) 0.4393754303455353
([723], [780]) 0.3090192973613739
([724], [781]) 0.39294764399528503
([725], [782]) 0.550536572933197
([726], [783]) 0.3737366199493408
([727], [784]) 0.32935675978660583
([728], [785]) 0.38141006231307983
([729], [786]) 0.528062641620636
([730], [787, 788]) 0.276993066072464
([731], [789]) 0.5362547039985657
([732], [790]) 0.47289013862609863
([733], [791, 792]) 0.5953381061553955
([734], [793, 794]) 0.4378803074359894
([735], [795, 796]) 0.4443223476409912
([736], [797]) 0.6469357013702393
([737], [798, 799]) 0.49741330742836
([738], [800]) 0.5722175240516663
([739], [801]) 0.5290440917015076
([740], [802]) 0.3806948959827423
([741], [803]) 0.3753628432750702
([742], [804]) 0.3801526427268982
([743], [805]) 0.5242739319801331
([744], [806]) 0.7782038450241089
([745], [807]) 0.43862494826316833
([746], [808]) 0.671559751033783
([747], [809]) 0.48309198021888733
([748], [810]) 0.4505601227283478
([749], [811]) 0.4100930094718933
([750], [812]) 0.7540275454521179
([751], [813]) 0.6637598276138306
([752], [814]) 0.5571960806846619
([753], [815]) 0.524649977684021
([754], [816]) 0.34462955594062805
([755], [817]) 0.33061376214027405
([756], [818]) 0.4342077672481537
([757], [819]) 0.3816290497779846
([758], [820]) 0.8068065047264099
([759], [821]) 0.45397549867630005
([760], [822]) 0.537255585193634
([761, 762], [823, 824]) 0.4029727876186371
([763], [825]) 0.686745285987854
([764], [826]) 0.3294619917869568
([765], [827]) 0.5857438445091248
([766], [828, 829]) 0.3339539170265198
([767], [830]) 0.45257413387298584
([768], [831]) 0.819077730178833
([769], [832, 833]) 0.5498170852661133
([770], [834]) 0.34462884068489075
([771], [835]) 0.6075838804244995
([772], [836, 837]) 0.4413095712661743
([773], [838]) 0.62538081407547
([774], [839]) 0.4467470347881317
([775], [840]) 0.4761916399002075
([776], [841]) 0.6623870134353638
([777], [842]) 0.5944948792457581
([778], [843, 844]) 0.5034319758415222
([779], [845]) 0.3848259150981903
([780], [846]) 0.2540476620197296
([781], [847]) 0.27773958444595337
([782], [848]) 0.4779038727283478
([783], [849]) 0.5311123132705688
([784], [850]) 0.3602491617202759
([785], [851]) 0.29458874464035034
([786], [852, 853]) 0.4553464353084564
([787], [854]) 0.36522412300109863
([788], [855]) 0.6040406227111816
([789], [856]) 0.480533242225647
([790], [857]) 0.3508007526397705
([791], [858]) 0.40431010723114014
([792], [859]) 0.4323538541793823
([793], [860, 861]) 0.33384424448013306
([794], [862]) 0.5567724704742432
([795], [863]) 0.3253134489059448
([796], [864]) 0.32451337575912476
([797], [865]) 0.29474398493766785
([798], [866]) 0.33950504660606384
([799], [867]) 0.8114457726478577
([800], [868, 869]) 0.5553063750267029
([801], [870, 871, 872]) 0.3116784294446309
([802], [873]) 0.4705640375614166
([803], [874, 875, 876]) 0.5334134896596273
([804], [877]) 0.29333949089050293
([805], [878]) 0.5716962218284607
([806], [879]) 0.622745931148529
([807], [880]) 0.40076717734336853
([808], [881]) 0.4300204813480377
([809], [882]) 0.5019078254699707
([810], [883]) 0.34100648760795593
([811], [884]) 0.40971770882606506
([812], [885]) 0.4972434341907501
([813], [886]) 0.4727526605129242
([814], [887]) 0.4472563862800598
([815], [888, 889]) 0.28819891810417175
([816], [890, 891]) 0.40369054675102234
([817], [892]) 0.7404164671897888
([818], [893]) 0.5251418948173523
([819], [894]) 0.48824045062065125
([820], [895]) 0.6223293542861938
([821], [896]) 0.3345984220504761
([822], [897]) 0.5748459696769714
([823], [898]) 0.2073758840560913
([824, 825], [899]) 0.578221321105957
([826], [900]) 0.5299404859542847
([827], [901]) 0.4997630715370178
([828], [902]) 0.40094298124313354
([829], [903]) 0.5097769498825073
([830], [904, 905, 906]) 0.4449400504430135
([831], [907]) 0.3380144536495209
([832], [908]) 0.3494805693626404
([833], [909]) 0.4410061240196228
([834], [910]) 0.768901526927948
([835], [911]) 0.44665783643722534
([836], [912]) 0.49177345633506775
([837], [913]) 0.5659230947494507
([838], [914]) 0.5337321162223816
([839], [915]) 0.7438908219337463
([840], [916]) 0.781385064125061
([841], [917]) 0.4737386107444763
([842], [918]) 0.29929447174072266
([843], [919]) 0.6807888746261597
([844], [920]) 0.43706125020980835
([845], [921]) 0.5756174921989441
([846], [922]) 0.24995368719100952
([847], [923]) 0.4950680136680603
([848], [924]) 0.2168431580066681
([849], [925]) 0.8122337460517883
([850], [926]) 0.41746270656585693
([851], [927]) 0.7616970539093018
([852], [928]) 0.5388234853744507
([853], [929]) 0.560040295124054
([854], [930]) 0.8330734968185425
([855], [931]) 0.5775474309921265
([856], [932]) 0.801411509513855
([857], [933]) 0.6079512238502502
([858], [934]) 0.737733006477356
([859], [935]) 0.25580886006355286
([860], [936]) 0.7050397396087646
([861], [937]) 0.3729097843170166
([862], [938]) 0.39551103115081787
([863], [939]) 0.357956200838089
([864], [940]) 0.4998289942741394
([865], [941]) 0.48939988017082214
([866], [942]) 0.6881045699119568
([867], [943]) 0.3886002004146576
([868], [944]) 0.4585413336753845
([869], [945]) 0.6211576461791992
([870], [946, 947]) 0.3065446615219116
([871], [948]) 0.42827823758125305
([872, 873], [949]) 0.3015015125274658
([874], [950]) 0.4245151877403259
([875], [951]) 0.5189510583877563
([876], [952]) 0.3562561571598053
([877, 878], [953]) 0.3865385353565216
([879], [954]) 0.7496938109397888
([880], [955]) 0.2654792368412018
([881], [956]) 0.6055276393890381
([882], [957]) 0.5378438830375671
([883], [958]) 0.2585906684398651
([884], [959]) 0.47766152024269104
([885], [960]) 0.49572452902793884
([886], [961]) 0.42155909538269043
([887, 888], [962]) 0.37442895770072937
([889], [963]) 0.3760117292404175
([890], [964, 965]) 0.34744784235954285
([891], [966]) 0.302011102437973
([892], [967]) 0.5094699263572693
([893], [968]) 0.42103758454322815
([894], [969]) 0.504426121711731
([895], [970]) 0.5954840779304504
([896], [971, 972]) 0.3154235780239105
([897], [973]) 0.5560149550437927
([898], [974]) 0.5002101063728333
([899], [975]) 0.5983040928840637
([900], [976]) 0.47300124168395996
([901], [977, 978]) 0.5763752460479736
([902], [979, 980]) 0.43030989170074463
([903], [981]) 0.27691900730133057
([904, 905], [982]) 0.3215301036834717
([906, 907], [983]) 0.5651447176933289
([908], [984]) 0.443901002407074
([909], [985]) 0.31377658247947693
([910], [986]) 0.4432729184627533
([911], [987]) 0.4182256758213043
([912], [988]) 0.4060586988925934
([913], [989]) 0.41166314482688904
([914], [990]) 0.35895249247550964
([915], [991]) 0.5685153007507324
([916], [992]) 0.1939462274312973
([917, 918], [993]) 0.2914011776447296
([919], [994]) 0.44548651576042175
([920], [995]) 0.4362470209598541
([921], [996]) 0.3282516300678253
([922], [997]) 0.4157506227493286
([923], [998, 999]) 0.4538348615169525
([924], [1000]) 0.46361106634140015
([925], [1001]) 0.3718811869621277
([926], [1002]) 0.5397530794143677
([927], [1003]) 0.3581365644931793
([928], [1004]) 0.5627856254577637
([929], [1005]) 0.37932002544403076
([930, 931], [1006]) 0.633169412612915
