([0], [0]) 0.5266892313957214
([1], [1]) 0.24328985810279846
([2], [2]) 0.5233641862869263
([3], [3, 4]) 0.6368091106414795
([4], [5]) 0.55703204870224
([5], [6]) 0.5898964405059814
([6], [7]) 0.4378838837146759
([7], [8, 9]) 0.47972992062568665
([8], [10, 11, 12]) 0.32130662600199383
([9], [13]) 0.6996220946311951
([10], [14]) 0.4425118863582611
([11], [15, 16]) 0.5129237771034241
([12], [17, 18]) 0.337643563747406
([13, 14], [19]) 0.38474538922309875
([15], [20, 21]) 0.3470354378223419
([16], [22]) 0.785484254360199
([17], [23, 24]) 0.35497525334358215
([18], [25]) 0.4699009656906128
([19], [26]) 0.3083062469959259
([20], [27]) 0.4987855553627014
([21], [28]) 0.33818456530570984
([22], [29]) 0.44625324010849
([23], [30, 31]) 0.6207006573677063
([24], [32]) 0.8416747450828552
([25], [33]) 0.39320069551467896
([26], [34]) 0.42680948972702026
([27], [35]) 0.5797266960144043
([28], [36]) 0.5370920896530151
([29], [37]) 0.6261112093925476
([30], [38]) 0.636207640171051
([31], [39]) 0.28925904631614685
([32], [40, 41]) 0.5602529048919678
([33], [42]) 0.5735343098640442
([34], [43]) 0.3064957857131958
([35], [44]) 0.45488616824150085
([36], [45]) 0.40216267108917236
([37], [46]) 0.3191787302494049
([38], [47]) 0.4928669035434723
([39], [48]) 0.2583560049533844
([40], [49]) 0.4459593594074249
([41], [50]) 0.6419705748558044
([42], [51]) 0.32167723774909973
([43], [52]) 0.4110561013221741
([44], [53, 54, 55, 56, 57, 58]) 0.5488332509994507
([], [59]) 0.0
([45], [60, 61]) 0.9357427954673767
([], [62]) 0.0
([], [63]) 0.0
([], [64]) 0.0
([], [65]) 0.0
([], [66]) 0.0
([46], [67]) 0.35164353251457214
([47], [68]) 0.3439440131187439
([48], [69]) 0.4814683794975281
([49], [70]) 0.39629465341567993
([50], [71]) 0.35769402980804443
([51], [72]) 0.5511740446090698
([52], [73]) 0.40853357315063477
([53], [74]) 0.5438960790634155
([54], [75]) 0.6257323026657104
([55], [76]) 0.4037902355194092
([56], [77]) 0.5227005481719971
([57], [78, 79]) 0.48114603757858276
([58], [80]) 0.5548784732818604
([59, 60], [81]) 0.4584641754627228
([61], [82]) 0.37906888127326965
([62], [83]) 0.4916137456893921
([63], [84]) 0.6892848610877991
([64, 65], [85]) 0.31537389755249023
([66, 67], [86]) 0.5964480638504028
([68, 69, 70], [87]) 0.37140504519144696
([71], [88]) 0.3519630432128906
([72], [89]) 0.4111894965171814
([73], [90]) 0.622096598148346
([74], [91, 92, 93]) 0.3513484795888265
([75], [94]) 0.5835661292076111
([76], [95]) 0.2651785612106323
([77], [96]) 0.4829559624195099
([78], [97, 98]) 0.5485511422157288
([79], [99]) 0.39958807826042175
([80], [100, 101]) 0.48063772916793823
([81], [102]) 0.44288739562034607
([82], [103]) 0.5426496863365173
([83, 84], [104]) 0.337558776140213
([85, 86], [105]) 0.5523108839988708
([87], [106]) 0.5075573325157166
([88, 89], [107, 108]) 0.3128354847431183
([90], [109]) 0.2739880383014679
([91], [110]) 0.6162412166595459
([92], [111, 112, 113]) 0.4359690348307292
([93], [114]) 0.36714404821395874
([94], [115]) 0.6481422185897827
([95], [116]) 0.2927916646003723
([96], [117, 118]) 0.5196191072463989
([97, 98], [119]) 0.4192130565643346
([99], [120]) 0.5041849613189697
([100, 101], [121]) 0.5209802389144897
([102], [122, 123]) 0.46975454688072205
([103], [124]) 0.62552410364151
([104], [125]) 0.5540582537651062
([105], [126]) 0.2909521162509918
([106], [127]) 0.537815511226654
([107], [128]) 0.8651651740074158
([108, 109, 110], [129]) 0.43787844975789386
([111], [130]) 0.4782828986644745
([112], [131]) 0.3243708610534668
([113], [132]) 0.3690014183521271
([114], [133]) 0.3869394063949585
([115], [134]) 0.4851531386375427
([116], [135]) 0.5577986240386963
([117], [136]) 0.4697948098182678
([118], [137]) 0.4924038350582123
([119], [138]) 0.4896763265132904
([120], [139]) 0.711218535900116
([121], [140]) 0.3547094464302063
([122], [141]) 0.6072978973388672
([123], [142]) 0.49161869287490845
([124], [143]) 0.5374518632888794
([125], [144]) 0.4363865554332733
([126], [145]) 0.5463536381721497
([127], [146, 147]) 0.3697107136249542
([128], [148]) 0.6599797010421753
([129], [149]) 0.4170598089694977
([130], [150]) 0.4190165102481842
([131], [151]) 0.3731532692909241
([132], [152]) 0.4414623975753784
([133], [153, 154]) 0.4776184558868408
([134, 135], [155]) 0.39705464243888855
([136], [156, 157]) 0.34866851568222046
([137], [158]) 0.5706139206886292
([138, 139], [159]) 0.2751314043998718
([140], [160]) 0.22205962240695953
([141], [161]) 0.3839394152164459
([142], [162]) 0.3777831494808197
([143], [163]) 0.7022028565406799
([144], [164]) 0.47770315408706665
([145], [165]) 0.4844478666782379
([146], [166]) 0.4415833055973053
([147], [167]) 0.15144719183444977
([148], [168]) 0.514650285243988
([149], [169]) 0.5238615274429321
([150], [170]) 0.5593154430389404
([151], [171]) 0.4206013083457947
([152], [172]) 0.29687827825546265
([153], [173]) 0.6360946297645569
([154, 155], [174]) 0.3481868803501129
([156], [175]) 0.45068222284317017
([157, 158], [176, 177]) 0.19840489327907562
([159], [178]) 0.731996476650238
([160], [179, 180]) 0.3929585814476013
([161], [181]) 0.4348049461841583
([162], [182]) 0.5173563361167908
([163], [183]) 0.588483452796936
([164], [184, 185]) 0.3920781910419464
([165], [186]) 0.5291623473167419
([166], [187]) 0.656863808631897
([167], [188]) 0.35615476965904236
([168], [189]) 0.25550758838653564
([169], [190]) 0.44964399933815
([170], [191]) 0.44334763288497925
([171], [192]) 0.4832921326160431
([172], [193]) 0.4526740312576294
([173], [194]) 0.5686708688735962
([174], [195]) 0.915538489818573
([175], [196]) 0.581440806388855
([176], [197, 198]) 0.653984785079956
([177], [199]) 0.4477401375770569
([178, 179], [200]) 0.3683595657348633
([180], [201]) 0.7990801334381104
([181], [202]) 0.9848231077194214
([182], [203, 204]) 0.7171229720115662
([183], [205]) 0.6240602135658264
([184], [206]) 0.5583784580230713
([185], [207]) 0.5046735405921936
([186], [208]) 0.6404821872711182
([187], [209]) 0.662168562412262
([188], [210]) 0.9747751951217651
([189], [211]) 0.7922210097312927
([190], [212]) 0.24550490081310272
([191], [213, 214]) 0.3213728666305542
([192], [215]) 0.6634341478347778
([193], [216, 217]) 0.4316907227039337
([194], [218]) 0.36197659373283386
([195], [219, 220]) 0.4708636701107025
([196], [221, 222, 223]) 0.34057533740997314
([197], [224]) 0.35156872868537903
([198, 199], [225]) 0.6468735933303833
([200], [226]) 0.5190428495407104
([201], [227]) 0.45388078689575195
([202], [228]) 0.5197662115097046
([203], [229]) 0.4596381187438965
([204], [230]) 0.4006093144416809
([205], [231]) 0.5966978669166565
([206], [232]) 0.43895119428634644
([207], [233]) 0.8576408624649048
([208], [234]) 0.7010539174079895
([209], [235]) 0.7098814249038696
([210], [236]) 0.6235337257385254
([211], [237]) 0.4301033318042755
([212], [238]) 0.5917885899543762
([213], [239]) 0.2733779549598694
([214], [240]) 0.3997482657432556
([215], [241]) 0.6367933750152588
([216], [242]) 0.5776788592338562
([217], [243]) 0.5939454436302185
([218], [244]) 0.36973485350608826
([219], [245]) 0.43144649267196655
([220], [246]) 0.47090861201286316
([221], [247, 248]) 0.4079573154449463
([222], [249]) 0.6828143000602722
([223], [250]) 0.31912535429000854
([224], [251]) 0.3402666747570038
([225, 226], [252]) 0.38766056299209595
([227], [253]) 0.653418242931366
([228], [254]) 0.39720726013183594
([229], [255, 256, 257]) 0.5104656219482422
([230], [258]) 0.4498581290245056
([231], [259, 260, 261]) 0.3694318135579427
([232], [262]) 0.9949203729629517
([233], [263, 264]) 0.3336297571659088
([234], [265]) 0.5548572540283203
([235], [266]) 0.7006722092628479
([236], [267]) 0.44141513109207153
([237], [268]) 0.47144171595573425
([238], [269]) 0.6315777897834778
([239], [270]) 0.41171082854270935
([240], [271]) 0.6135453581809998
([241], [272]) 0.4697797894477844
([242], [273]) 0.5874443650245667
([243], [274]) 0.5087220668792725
([244], [275]) 0.76334148645401
([245], [276]) 0.23322747647762299
([246], [277]) 0.5856523513793945
([247], [278]) 0.5093045234680176
([248], [279]) 0.44481372833251953
([249], [280, 281]) 0.33045440912246704
([250], [282]) 0.32574349641799927
([251], [283]) 0.3578721284866333
([252], [284]) 0.3233413100242615
([253], [285]) 0.5621129870414734
([254], [286]) 0.5279269814491272
([255], [287]) 0.5330002903938293
([256], [288]) 0.48966723680496216
([257], [289]) 0.5242789387702942
([258], [290]) 0.39780980348587036
([259], [291]) 0.6341328620910645
([260], [292]) 0.5484287738800049
([261], [293]) 0.434459924697876
([262], [294]) 0.4027348756790161
([263], [295, 296]) 0.34750527143478394
([264], [297]) 0.5685136914253235
([265], [298]) 0.5285011529922485
([266], [299]) 0.33561405539512634
([267], [300]) 0.5216099619865417
([268], [301, 302]) 0.47085750102996826
([269], [303]) 0.5081026554107666
([270], [304]) 0.37718093395233154
([271], [305, 306]) 0.5533061027526855
([272], [307]) 0.3440074622631073
([273], [308]) 0.32268181443214417
([274], [309]) 0.60816890001297
([275], [310, 311]) 0.3245696425437927
([276], [312]) 0.8766581416130066
([277], [313]) 0.5709850192070007
([278, 279], [314]) 0.47513094544410706
([280], [315, 316, 317]) 0.5401984850565592
([281], [318]) 0.9379836320877075
([282], [319]) 0.45890122652053833
([283], [320]) 0.30147644877433777
([284], [321]) 0.5063998699188232
([285], [322]) 0.6494009494781494
([286], [323]) 0.5267698168754578
([287], [324]) 0.5585542321205139
([288], [325]) 0.4565718173980713
([289], [326]) 0.5523053407669067
([290, 291], [327]) 0.30956220626831055
([292, 293, 294], [328]) 0.48500847816467285
([295], [329, 330]) 0.44511911273002625
([296], [331]) 0.47284525632858276
([297], [332]) 0.5091345906257629
([298], [333]) 0.41284170746803284
([299, 300], [334, 335]) 0.3640499711036682
([301], [336, 337]) 0.38556426763534546
([302], [338]) 0.7830786108970642
([303], [339]) 0.5692757368087769
([304], [340]) 0.3777218461036682
([305], [341]) 0.4263414442539215
([306], [342]) 0.5207740068435669
([307], [343]) 0.45306235551834106
([308], [344]) 0.7682095766067505
([309, 310], [345]) 0.4615575969219208
([311], [346]) 0.4148518443107605
([312], [347]) 0.5137478709220886
([313], [348]) 0.40337949991226196
([314], [349]) 0.44237232208251953
([315], [350]) 0.48690828680992126
([316], [351]) 0.3140588402748108
([317, 318], [352]) 0.4322640299797058
([319], [353]) 0.4515373110771179
([320], [354]) 0.33587363362312317
([321], [355]) 0.37362298369407654
([322], [356]) 0.5636177062988281
([323], [357]) 0.5055580735206604
([324], [358]) 0.3101753890514374
([325], [359]) 0.2400391399860382
([326], [360]) 0.39646756649017334
([327], [361, 362]) 0.6194332838058472
([328], [363]) 0.4216097295284271
([329], [364]) 0.7108824253082275
([330], [365, 366]) 0.3818066418170929
([331], [367]) 0.6447606086730957
([332], [368, 369]) 0.3893515467643738
([333], [370]) 0.4738995134830475
([334], [371]) 0.3596580922603607
([335], [372]) 0.4917853772640228
([336, 337], [373]) 0.5279678702354431
([338, 339, 340], [374]) 0.43741897741953534
([341], [375, 376]) 0.5105066299438477
([342], [377]) 0.9032830595970154
([343], [378, 379]) 0.48753201961517334
([344], [380]) 0.7167929410934448
([345], [381]) 0.5912056565284729
([346], [382]) 1.0042905807495117
([347], [383]) 0.49142882227897644
([348], [384]) 0.6434766054153442
([349], [385, 386, 387]) 0.4726165135701497
([350], [388]) 0.7522192001342773
([351], [389]) 0.7408620715141296
([352], [390, 391]) 0.512163519859314
([353], [392]) 0.45848506689071655
([354], [393]) 0.6783687472343445
([355], [394, 395]) 0.6421470642089844
([356], [396]) 0.7697278261184692
([357], [397, 398]) 0.2855250835418701
([358], [399]) 0.3959382176399231
([359], [400]) 0.46456432342529297
([360], [401]) 0.493476927280426
([361], [402]) 0.34266263246536255
([362], [403]) 0.5143497586250305
([363], [404]) 0.5008171200752258
([364], [405, 406]) 0.346375972032547
([365], [407]) 0.5127037763595581
([366], [408]) 0.6952162384986877
([367], [409]) 0.5252195000648499
([368], [410]) 0.37793996930122375
([369], [411]) 0.5382890105247498
([370, 371], [412]) 0.34395238757133484
([372, 373], [413]) 0.3192334473133087
([374], [414]) 0.6680131554603577
([375], [415]) 0.299017995595932
([376], [416]) 0.5037647485733032
([377], [417, 418]) 0.39696016907691956
([378], [419]) 0.366345077753067
([379], [420]) 0.45501166582107544
([380], [421]) 0.32353755831718445
([381], [422]) 0.5702658295631409
([382], [423]) 0.38997897505760193
([383], [424]) 0.5175348520278931
([384, 385, 386, 387], [425]) 0.47635212540626526
([388], [426]) 0.5528745055198669
([389], [427]) 0.548660397529602
([390, 391], [428]) 0.42708754539489746
([392], [429]) 0.5171938538551331
([393], [430]) 0.3730165660381317
([394], [431]) 0.3976338803768158
([395], [432, 433, 434]) 0.4913630485534668
([396], [435]) 0.9624958038330078
([397], [436, 437]) 0.4593769907951355
([398], [438]) 0.38384732604026794
([399], [439]) 0.48702698945999146
([400], [440]) 0.5776415467262268
([401], [441]) 0.5002012252807617
([402], [442, 443]) 0.4633871912956238
([403], [444]) 0.7551798224449158
([404, 405], [445]) 0.47826477885246277
([406], [446]) 0.5728878974914551
([407], [447]) 0.328774631023407
([408, 409], [448]) 0.44070860743522644
([410], [449]) 0.19948118925094604
([411], [450]) 0.29175424575805664
([412], [451]) 0.3267395794391632
([413], [452]) 0.4230678677558899
([414], [453]) 0.41453129053115845
([415, 416], [454]) 0.4660772979259491
([417], [455, 456]) 0.44124722480773926
([418, 419], [457]) 0.5735527276992798
