([0], [0]) 0.4104395806789398
([1], [1]) 0.4528545141220093
([2], [2]) 0.349569171667099
([3], [3]) 0.6182504892349243
([4], [4]) 0.5906434655189514
([5, 6], [5]) 0.3459537625312805
([7], [6]) 0.5546270608901978
([8, 9, 10], [7]) 0.2638229727745056
([11, 12], [8]) 0.3526209592819214
([13], [9]) 0.5720599889755249
([14, 15], [10]) 0.39246371388435364
([16, 17, 18], [11]) 0.39132479826609295
([19], [12, 13]) 0.5887473821640015
([20, 21, 22], [14]) 0.48625659942626953
([23], [15]) 0.510868489742279
([24], [16]) 0.5908176898956299
([25], [17]) 0.2727302014827728
([26, 27, 28], [18]) 0.34341474374135333
([29], [19]) 0.3516799509525299
([30], [20]) 0.39706987142562866
([31], [21]) 0.2705317437648773
([32, 33], [22]) 0.297639399766922
([34], [23]) 0.4287014901638031
([35], [24]) 0.3434789478778839
([36], [25]) 0.533058762550354
([37], [26]) 0.43953028321266174
([38], [27]) 0.4972979426383972
([39], [28, 29]) 0.30525144934654236
([40, 41, 42], [30]) 0.291133979956309
([43, 44, 45, 46], [31]) 0.3410225808620453
([47, 48], [32, 33]) 0.26477566361427307
([49], [34]) 0.4172370731830597
([50], [35]) 0.4426208436489105
([51], [36]) 0.387178897857666
([52], [37]) 0.4350554347038269
([53], [38]) 0.6681008338928223
([54], [39]) 0.35703182220458984
([55], [40]) 0.4787485897541046
([56], [41]) 0.5348014831542969
([57], [42]) 0.5540302991867065
([58, 59, 60], [43]) 0.42445695400238037
([61], [44]) 0.4521881639957428
([62, 63, 64, 65], [45]) 0.4098950922489166
([66], [46]) 0.4675222933292389
([67], [47]) 0.42483022809028625
([68, 69], [48]) 0.3212309181690216
([70, 71, 72, 73], [49]) 0.3413858413696289
([74], [50]) 0.7008495330810547
([75], [51]) 0.6777244806289673
([76, 77], [52]) 0.43173152208328247
([78], [53]) 0.38086584210395813
([79], [54]) 0.49227073788642883
([80], [55]) 0.4243486821651459
([81], [56]) 0.6454806327819824
([82], [57]) 0.3656749129295349
([83], [58]) 0.6338047385215759
([84], [59]) 0.45829322934150696
([85], [60]) 0.4774458408355713
([86], [61]) 0.4268215298652649
([87], [62]) 0.4192083775997162
([88], [63]) 0.5593190789222717
([89], [64]) 0.4156150817871094
([90], [65]) 0.6373263001441956
([91], [66]) 0.6589534282684326
([92], [67]) 0.6057889461517334
([93, 94], [68]) 0.38459354639053345
([95, 96], [69]) 0.41648605465888977
([97], [70]) 0.2675575315952301
([98], [71]) 0.3411269187927246
([99], [72]) 0.2848993241786957
([100, 101], [73]) 0.4322126507759094
([102], [74]) 0.3292946517467499
([103, 104], [75]) 0.3595576882362366
([105], [76]) 0.5003354549407959
([106], [77]) 0.31777846813201904
([107], [78]) 0.7905351519584656
([108, 109, 110], [79]) 0.31467684110005695
([111], [80]) 0.6258582472801208
([112], [81]) 0.39685961604118347
([113, 114], [82]) 0.3864651322364807
([115, 116, 117], [83]) 0.384197473526001
([118], [84, 85]) 0.6079895496368408
([119, 120], [86]) 0.5715640187263489
([121], [87]) 0.3844604790210724
([122], [88]) 0.42799311876296997
([123, 124], [89]) 0.27892792224884033
([125], [90]) 0.5577486157417297
([126], [91]) 0.6757258176803589
([127], [92]) 0.59571373462677
([128], [93]) 0.5993497371673584
([129], [94]) 0.3818987011909485
([130], [95]) 0.29516738653182983
([131], [96]) 0.6159582734107971
([132], [97]) 0.6383910775184631
([133], [98]) 0.6342068910598755
([134], [99]) 0.49591541290283203
([135], [100]) 0.36487194895744324
([136], [101]) 0.2510104179382324
([137], [102]) 0.5320330858230591
([138], [103]) 0.5932325720787048
([139], [104]) 0.4249020516872406
([140], [105]) 0.3646857440471649
([141], [106]) 0.5133658051490784
([142], [107]) 0.47424542903900146
([143], [108]) 0.46933385729789734
([144], [109]) 0.4037221670150757
([145], [110]) 0.46997854113578796
([146], [111]) 0.40127015113830566
([147], [112]) 0.4948400557041168
([148, 149], [113]) 0.4982047379016876
([150], [114]) 0.5020591616630554
([151, 152], [115]) 0.5823121070861816
([153, 154], [116]) 0.2382965385913849
([155], [117]) 0.28226739168167114
([156], [118]) 0.23918043076992035
([157], [119]) 0.4396316707134247
([158], [120]) 0.5553475022315979
([159], [121]) 0.3929169476032257
([160], [122]) 0.2981140613555908
([161, 162], [123]) 0.3024604022502899
([163], [124]) 0.7857540845870972
([164], [125]) 0.5015889406204224
([165], [126]) 0.3156370520591736
([166], [127]) 0.4893912672996521
([167], [128]) 0.41643935441970825
([168], [129]) 0.46267715096473694
([169], [130]) 0.5630823969841003
([170], [131]) 0.4698156416416168
([171], [132]) 0.4325959086418152
([172], [133]) 0.4625401794910431
([173], [134]) 0.30238044261932373
([174], [135]) 0.5615963935852051
([175], [136]) 0.16582641005516052
([176], [137]) 0.5290312767028809
([177], [138]) 0.32431766390800476
([178, 179], [139]) 0.24658051133155823
([180], [140]) 0.3351113498210907
([181], [141]) 0.2895263433456421
([182], [142]) 0.7543753981590271
([183], [143]) 0.5011047720909119
([184], [144]) 0.7861090302467346
([185, 186, 187], [145]) 0.36565009752909344
([188], [146]) 0.5922155976295471
([189], [147]) 0.8602220416069031
([190], [148]) 0.7022684216499329
([191], [149]) 0.32256975769996643
([192, 193], [150]) 0.42537495493888855
([194], [151]) 0.29532861709594727
([195], [152]) 0.4365675747394562
([196, 197], [153]) 0.27857765555381775
([198], [154]) 0.4003099799156189
([199], [155]) 0.35178422927856445
([200], [156]) 0.40212151408195496
([201], [157]) 0.3337104022502899
([202], [158]) 0.587369441986084
([203, 204], [159]) 0.4591808617115021
([205], [160]) 0.36440566182136536
([206], [161]) 0.5237171053886414
([207], [162]) 0.723380982875824
([208], [163]) 0.3529778718948364
([209], [164]) 0.7154207825660706
([210], [165]) 0.25999149680137634
([211], [166]) 0.3824620842933655
([212], [167]) 0.30504778027534485
([213], [168]) 0.4907808303833008
([214, 215], [169]) 0.27372679114341736
([216, 217, 218, 219], [170]) 0.4151591360569
([220], [171]) 0.6575638055801392
([221], [172]) 0.5743852257728577
([222, 223], [173]) 0.4132835268974304
([224], [174]) 0.20885571837425232
([225], [175]) 0.45980843901634216
([226], [176]) 0.4865754544734955
([227], [177]) 0.4153057932853699
([228], [178]) 0.4213683605194092
([229], [179]) 0.3724137246608734
([230], [180]) 0.6415076851844788
([231], [181]) 0.7902018427848816
([232, 233], [182]) 0.2459479719400406
([234], [183]) 0.3509306311607361
([235], [184]) 0.2979172170162201
([236], [185]) 0.6298218369483948
([237, 238], [186]) 0.5834138989448547
([239], [187]) 0.8524026274681091
([240, 241, 242], [188]) 0.22950983047485352
([243, 244], [189]) 0.2431143969297409
([245], [190]) 0.4218582510948181
([246, 247], [191]) 0.28442269563674927
([248], [192]) 0.22952581942081451
([249], [193]) 0.49025288224220276
([250], [194]) 0.6791417002677917
([251, 252, 253], [195]) 0.45756351947784424
([254], [196]) 0.6447546482086182
([255, 256], [197]) 0.3438846468925476
([257, 258, 259], [198]) 0.4376629590988159
([260], [199]) 0.38144850730895996
([261], [200]) 0.35502880811691284
([262], [201]) 0.35990771651268005
([263], [202]) 0.4447730481624603
([264, 265], [203]) 0.49597257375717163
([266], [204, 205]) 0.4319511950016022
([267], [206]) 0.2577808201313019
([268], [207]) 0.2973026633262634
([269], [208]) 0.536297619342804
([270], [209]) 0.33509454131126404
([271], [210]) 0.5105554461479187
([272, 273], [211]) 0.2992071807384491
([274], [212]) 0.5514847636222839
([275], [213]) 0.7369169592857361
([276, 277], [214]) 0.28008460998535156
([278], [215]) 0.591681182384491
([279], [216]) 0.5862675309181213
([280], [217]) 0.39144712686538696
([281], [218]) 0.36968448758125305
([282], [219]) 0.5967625379562378
([283], [220]) 0.551060676574707
([284], [221]) 0.3258509635925293
([285], [222]) 0.4652600586414337
([286], [223]) 0.28001150488853455
([287], [224]) 0.1955968141555786
([288], [225]) 0.34441831707954407
([289, 290], [226]) 0.31257355213165283
([291], [227]) 0.3963523507118225
([292], [228]) 0.31127166748046875
([293, 294], [229]) 0.3065066635608673
([295], [230]) 0.17886662483215332
([296, 297], [231]) 0.261915922164917
([298], [232]) 0.3694726228713989
([299], [233]) 0.43726375699043274
([300], [234]) 0.18124647438526154
([301], [235]) 0.5240106582641602
([302, 303], [236]) 0.2974648177623749
([304], [237]) 0.6118545532226562
([305], [238]) 0.3597041666507721
([306], [239]) 0.6158428192138672
([307], [240, 241]) 0.31691262125968933
([308], [242]) 0.5833690762519836
([309], [243]) 0.41804972290992737
([310, 311], [244]) 0.3114275634288788
([312], [245]) 0.4942031502723694
([313], [246]) 0.2673147916793823
([314], [247]) 0.4861711263656616
([315], [248]) 0.422157883644104
([316], [249, 250]) 0.43907925486564636
([317], [251]) 0.4411582946777344
([318, 319], [252]) 0.3803868293762207
([320], [253]) 0.4512738287448883
([321], [254]) 0.7755393385887146
([322], [255]) 0.21047061681747437
([323], [256]) 0.4514404833316803
([324, 325], [257]) 0.44635361433029175
([326], [258]) 0.5623986124992371
([327], [259]) 0.5542909502983093
([328], [260]) 0.30592164397239685
([329], [261]) 0.7616659998893738
([330], [262]) 0.5964246988296509
([331], [263]) 0.6350551247596741
([332], [264]) 0.5958582758903503
([333], [265]) 0.4842144846916199
([334], [266]) 0.381814569234848
([335], [267]) 0.6899779438972473
([336, 337], [268]) 0.3620043396949768
([338], [269]) 0.42448341846466064
([339], [270]) 0.6406158804893494
([340], [271]) 0.36534255743026733
([341], [272]) 0.3769519031047821
([342], [273]) 0.48052453994750977
([343, 344], [274]) 0.4639122784137726
([345], [275]) 0.48610520362854004
([346], [276]) 0.552788257598877
([347], [277]) 0.35185834765434265
([348], [278]) 0.6712726950645447
([349], [279]) 0.39849069714546204
([350], [280]) 0.3506641387939453
([351, 352, 353, 354, 355, 356], [281]) 0.28260546922683716
([357], [282]) 0.3379465937614441
([358, 359], [283]) 0.30662763118743896
([360], [284]) 0.39420178532600403
([361], [285, 286]) 0.4535830318927765
([362, 363], [287]) 0.43339163064956665
([364], [288]) 0.5272585153579712
([365], [289]) 0.6249298453330994
([366], [290]) 0.6185246706008911
([367, 368], [291]) 0.3511086404323578
([369], [292]) 0.5507427453994751
([370], [293]) 0.3980391323566437
([371], [294]) 0.47269997000694275
([372], [295]) 0.3387336730957031
([373], [296]) 0.3565463125705719
([374], [297]) 0.37696507573127747
([375], [298]) 0.32641881704330444
([376], [299]) 0.4270879030227661
([377], [300]) 0.4372918903827667
([378, 379], [301]) 0.46445104479789734
([380, 381], [302]) 0.4768203794956207
([382], [303]) 0.47785061597824097
([383], [304]) 0.5703431367874146
([384], [305]) 0.5289533734321594
([385], [306]) 0.42934349179267883
([386], [307]) 0.3507102429866791
([387], [308]) 0.5354517698287964
([388, 389, 390], [309]) 0.29605670770009357
([391], [310, 311]) 0.43862512707710266
([392], [312]) 0.5883682370185852
([393, 394], [313]) 0.45311927795410156
([395], [314]) 0.4887446165084839
([396], [315]) 0.6484835147857666
([397], [316]) 0.5646452307701111
([398], [317]) 0.49292463064193726
([399], [318]) 0.3293754756450653
([400], [319]) 0.7125651240348816
([401], [320]) 0.3776266574859619
([402], [321]) 0.18458831310272217
([403], [322]) 0.25715893507003784
([404], [323]) 0.40420347452163696
([405], [324]) 0.3776346743106842
([406], [325, 326]) 0.4874417185783386
([407], [327]) 0.5256068110466003
([408], [328]) 0.3728918433189392
([409, 410], [329]) 0.4691319167613983
([411], [330]) 0.386044979095459
([412], [331]) 0.5637992024421692
([413], [332]) 0.5014460682868958
([414], [333]) 0.3622458279132843
([415], [334]) 0.43610942363739014
([416], [335]) 0.40644389390945435
([417, 418], [336]) 0.30924171209335327
([419], [337]) 0.43848398327827454
([420], [338]) 0.33349940180778503
([421], [339]) 0.3750413656234741
([422], [340]) 0.6157512068748474
([423], [341]) 0.4601660668849945
([424, 425, 426, 427], [342]) 0.32725515961647034
([428], [343]) 0.44976726174354553
([429], [344]) 0.5389434099197388
([430], [345]) 0.5886579155921936
([431], [346]) 0.5194909572601318
([432], [347]) 0.477710098028183
([433], [348]) 0.333898663520813
([434], [349]) 0.5340548157691956
([435], [350]) 0.548978865146637
([436], [351]) 0.2585483193397522
([437], [352]) 0.1637204885482788
([438], [353]) 0.3117501437664032
([439], [354, 355]) 0.36039087176322937
([440], [356]) 0.21934370696544647
([441], [357]) 0.4238181710243225
([442], [358]) 0.40022483468055725
([443], [359]) 0.3408973217010498
([444], [360]) 0.6385557651519775
([445], [361]) 0.5021169185638428
([446], [362]) 0.652739405632019
([447], [363]) 0.32075437903404236
([448], [364]) 0.36039310693740845
([449], [365]) 0.23926247656345367
([450], [366]) 0.37634557485580444
([451], [367]) 0.4616558849811554
([452], [368]) 0.38669782876968384
([453, 454], [369]) 0.46486881375312805
([455], [370]) 0.3175603151321411
([456], [371]) 0.49523115158081055
([457, 458], [372]) 0.4608239531517029
([459], [373]) 0.4024265706539154
([460], [374]) 0.6645911335945129
([461], [375]) 0.3734518885612488
([462], [376]) 0.6669446229934692
([463], [377]) 0.3248363435268402
([464], [378]) 0.8448511362075806
([465], [379]) 0.5297683477401733
([466], [380]) 0.5024310350418091
([467], [381]) 0.32763081789016724
([468], [382]) 0.32887211441993713
([469], [383]) 0.34274759888648987
([470], [384]) 0.3274385333061218
([471], [385]) 0.24738307297229767
([472], [386]) 0.32214730978012085
([473], [387]) 0.5103939771652222
([474], [388]) 0.257262647151947
([475], [389]) 0.43633270263671875
([476], [390]) 0.7497073411941528
([477], [391]) 0.42412784695625305
([478, 479], [392]) 0.488677978515625
([480], [393]) 0.3790390193462372
([481], [394]) 0.3531879186630249
([482], [395]) 0.4001590609550476
([483], [396]) 0.5369622707366943
([484], [397]) 0.585115373134613
([485], [398]) 0.28469318151474
([486, 487], [399]) 0.40880629420280457
([488], [400]) 0.3636757433414459
([489, 490], [401]) 0.4346034526824951
([491], [402]) 0.5304691791534424
([492], [403]) 0.34612369537353516
([493], [404]) 0.3816159963607788
([494, 495], [405]) 0.3543280065059662
([496, 497], [406]) 0.35439783334732056
([498], [407]) 0.5620888471603394
([499], [408]) 0.2501380443572998
([500], [409]) 0.4018305242061615
([501], [410]) 0.31915661692619324
([502], [411]) 0.44358181953430176
([503], [412]) 0.47416388988494873
([504], [413]) 0.38914456963539124
([505, 506], [414]) 0.3813456594944
([507], [415]) 0.529784619808197
([508], [416]) 0.24523712694644928
([509, 510], [417]) 0.22729995846748352
([511], [418]) 0.25423502922058105
([512], [419]) 0.36437228322029114
([513], [420]) 0.5384641289710999
([514], [421]) 0.4658562242984772
([515], [422]) 0.445001482963562
([516], [423]) 0.28177428245544434
([517], [424]) 0.560465931892395
([518, 519], [425]) 0.3193029463291168
([520], [426]) 0.40435001254081726
([521, 522], [427]) 0.2683927118778229
([523], [428]) 0.9710175395011902
([524, 525], [429]) 0.7595109939575195
([526], [430]) 0.5763680338859558
([527], [431]) 0.7043407559394836
([528], [432]) 0.2446741759777069
([529], [433, 434]) 0.39263081550598145
([530], [435]) 0.3391696512699127
([531], [436]) 0.5709592700004578
([532], [437]) 0.5922005772590637
([533], [438]) 0.45298510789871216
([534], [439]) 0.4759415090084076
([535], [440]) 0.8241268992424011
([536], [441]) 0.5733296275138855
([537], [442]) 0.42346882820129395
([538], [443]) 0.4355555772781372
([539], [444]) 0.490288645029068
([540], [445, 446]) 0.34070730209350586
([541], [447]) 0.5481323003768921
([542, 543], [448]) 0.5227132439613342
([544], [449]) 0.6086953282356262
([545], [450]) 0.25689536333084106
([546, 547], [451]) 0.28401434421539307
([548], [452]) 0.5844969749450684
([549], [453]) 0.546847939491272
([550], [454]) 0.7650913596153259
([551, 552], [455]) 0.4789476990699768
([553], [456]) 0.3753478229045868
([554], [457]) 0.3470175564289093
([555], [458]) 0.46654316782951355
([556, 557], [459]) 0.34205442667007446
([558], [460]) 0.3739936947822571
([559], [461]) 0.6116676330566406
([560], [462]) 0.49440181255340576
([561], [463]) 0.39686182141304016
([562], [464]) 0.3333808481693268
([563], [465]) 0.7340476512908936
([564], [466]) 0.5938819050788879
([565], [467, 468]) 0.34981003403663635
([566], [469]) 0.5169957280158997
([567], [470]) 0.6791494488716125
([568], [471]) 0.43569859862327576
([569], [472]) 0.5441657304763794
([570], [473]) 0.5113736987113953
([571], [474]) 0.4702412486076355
([572], [475]) 0.5840110778808594
([573], [476]) 0.8322739601135254
([574], [477]) 0.6962042450904846
([575, 576], [478]) 0.5195432305335999
([577], [479]) 0.5759555101394653
([578], [480]) 0.37597841024398804
([579], [481]) 0.5119204521179199
([580], [482]) 0.409214586019516
([581], [483]) 0.4950528144836426
([582], [484]) 0.4463510513305664
([583], [485]) 0.43308699131011963
([584], [486]) 0.4933290481567383
([585, 586], [487]) 0.4986812472343445
([587], [488]) 0.5558263063430786
([588, 589, 590], [489]) 0.755033016204834
([591], [490]) 0.49507415294647217
([592], [491]) 0.4216422438621521
([593], [492]) 0.34215015172958374
([594], [493]) 0.5442767143249512
([595], [494, 495]) 0.4385140538215637
([596], [496]) 0.6753697395324707
([597], [497]) 0.47568783164024353
([598], [498]) 0.6250646114349365
([599], [499]) 0.6435710787773132
([600], [500]) 0.49079930782318115
([601], [501]) 0.46538808941841125
([602], [502]) 0.4704194664955139
([603], [503]) 0.43266940116882324
([604, 605, 606], [504]) 0.36500783761342365
([607], [505]) 0.6651121377944946
([608], [506]) 0.48571982979774475
([609], [507]) 0.6924965381622314
([610], [508]) 0.3254201114177704
([611], [509]) 0.3751654624938965
([612, 613], [510]) 0.45449376106262207
([614], [511, 512, 513]) 0.6128397782643636
([615], [514]) 0.7145297527313232
([616], [515]) 0.5720022320747375
([617], [516]) 0.6439801454544067
([618], [517]) 0.35014966130256653
([619], [518]) 0.4609340727329254
([620], [519]) 0.5272289514541626
([621], [520]) 0.6193552017211914
([622], [521]) 0.31480634212493896
([623], [522]) 0.7210862040519714
([624], [523, 524]) 0.4336303472518921
([625], [525]) 0.6336913108825684
([626], [526]) 0.3603174686431885
([627], [527]) 0.5313631296157837
([628], [528]) 0.22000718116760254
([629], [529]) 0.45403847098350525
([630], [530]) 0.4884851276874542
([631], [531]) 0.5583235025405884
([632], [532]) 0.37620314955711365
([633], [533]) 0.5284847021102905
([634], [534]) 0.5671829581260681
([635], [535]) 0.41297587752342224
([636], [536]) 0.3657769560813904
([637], [537]) 0.5126891732215881
([638], [538]) 0.4451841413974762
([639], [539]) 0.5334556102752686
([640], [540]) 0.36985039710998535
([641], [541]) 0.2603696584701538
([642], [542]) 0.45911645889282227
([643], [543]) 0.23762664198875427
([644], [544]) 0.5462622046470642
([645], [545]) 0.6386170387268066
([646], [546]) 0.5040765404701233
([647], [547]) 0.5688316822052002
([648], [548]) 0.601469874382019
([649], [549]) 0.6573891639709473
([650], [550]) 0.5203332901000977
([651], [551]) 0.4118349254131317
([652], [552]) 0.5110000967979431
([653, 654], [553]) 0.29584863781929016
([655], [554]) 0.4983118772506714
([656], [555]) 0.6493391990661621
([657], [556]) 0.7963167428970337
([658], [557]) 0.5678238868713379
([659, 660, 661], [558]) 0.39570140838623047
([662], [559]) 0.32351067662239075
([663], [560, 561]) 0.39955785870552063
([664], [562]) 0.3871437609195709
([665], [563]) 0.8257087469100952
([666], [564, 565]) 0.32566598057746887
([667], [566]) 0.5333385467529297
([668], [567]) 0.6095184087753296
([669], [568]) 0.2720138430595398
([670], [569]) 0.5407494306564331
([671], [570]) 0.3721059262752533
([672], [571]) 0.36505836248397827
([673], [572]) 0.5539832711219788
([674], [573]) 0.3653785288333893
([675], [574]) 0.44628575444221497
([676], [575]) 0.8348822593688965
([677], [576]) 0.4407845735549927
([678], [577]) 0.5677671432495117
([679], [578]) 0.3684057593345642
([680], [579]) 0.6208910942077637
([681], [580]) 0.6230496168136597
([682], [581]) 0.4960671365261078
([683], [582]) 0.3161194622516632
([684], [583]) 0.30578547716140747
([685], [584, 585]) 0.5182511806488037
([686], [586]) 0.4646349847316742
([687], [587, 588]) 0.4608552157878876
([688], [589]) 0.35709184408187866
([689], [590]) 0.2587280869483948
([690], [591]) 0.34414491057395935
([691], [592]) 0.5295727849006653
([692], [593]) 0.4197673499584198
([693], [594]) 0.35457444190979004
([694], [595]) 0.4036225378513336
([695], [596]) 0.41907474398612976
([696], [597]) 0.4401870667934418
([697], [598]) 0.5236946940422058
([698], [599]) 0.6299872398376465
([699], [600]) 0.5717378258705139
([700], [601]) 0.43586111068725586
([701], [602]) 0.3517269194126129
([702], [603]) 0.4024362862110138
([703], [604]) 0.44970718026161194
([704], [605, 606]) 0.3620520234107971
([705], [607]) 0.5665892958641052
([706], [608]) 0.4169059097766876
([707], [609]) 0.5225533246994019
([708], [610]) 0.5614507794380188
([709], [611]) 0.8723989725112915
([710], [612, 613]) 0.46062377095222473
([711], [614]) 0.5312601923942566
([712], [615]) 0.6063706278800964
([713], [616]) 0.48437535762786865
([714], [617, 618]) 0.621350109577179
([715], [619]) 0.38586124777793884
([716], [620]) 0.5105860233306885
([717], [621]) 0.4203170835971832
([718], [622]) 0.5547292828559875
([719], [623]) 0.8516804575920105
([720], [624]) 0.5326185822486877
([721], [625, 626]) 0.2764318883419037
([722], [627]) 0.8901214599609375
([723], [628]) 0.5940650701522827
([724], [629]) 0.44365614652633667
([725], [630]) 0.4782998263835907
([726], [631]) 0.6040120720863342
([727], [632]) 0.8770964741706848
([728], [633]) 0.6307088732719421
([729], [634]) 0.6558308005332947
([730], [635]) 0.7382383346557617
([731], [636, 637]) 0.39801061153411865
([732], [638]) 0.5363330841064453
([733], [639]) 0.683881402015686
([734], [640]) 0.5609195232391357
([735], [641]) 0.363212913274765
([736], [642]) 0.3455803394317627
([737], [643]) 0.5100877285003662
([738], [644]) 0.26959800720214844
([739], [645]) 0.44548845291137695
([740], [646]) 0.39080771803855896
([741], [647]) 0.33209359645843506
([742], [648]) 0.4961508810520172
([743], [649]) 0.5336624979972839
([744], [650]) 0.3366769850254059
([745], [651]) 0.5539292097091675
([746], [652]) 0.6162879467010498
([747], [653]) 0.4846113920211792
([748], [654]) 0.42844313383102417
([749], [655]) 0.7652552723884583
([750, 751, 752], [656]) 0.2839292089144389
([753], [657]) 0.42125460505485535
([754], [658]) 0.6023724675178528
([755], [659]) 0.4800149202346802
([756], [660]) 0.4539799988269806
([757], [661]) 0.35435935854911804
([758], [662]) 0.43487927317619324
([759], [663]) 0.49445876479148865
([760], [664]) 0.5009304285049438
([761], [665]) 0.646259069442749
([762], [666]) 0.40070536732673645
([763], [667]) 0.6038873195648193
([764], [668]) 0.5932623147964478
([765], [669]) 0.5671908259391785
([766], [670]) 0.45969921350479126
([767], [671]) 0.7907461524009705
([768], [672]) 0.39246195554733276
([769], [673]) 0.3856164813041687
([770], [674]) 0.5196238160133362
([771], [675]) 0.4685029089450836
([772], [676]) 0.695421040058136
([773], [677]) 0.8958210349082947
([774], [678]) 0.5066516399383545
([775], [679]) 0.4192224442958832
([776], [680]) 0.4372912049293518
([777], [681]) 0.5930787324905396
([778], [682]) 0.8118402361869812
([779], [683]) 0.34461739659309387
([780], [684]) 0.7287482619285583
([781], [685]) 0.45160526037216187
([782], [686]) 0.4148205518722534
([783, 784, 785], [687]) 0.3438515265782674
([786], [688]) 0.496658593416214
([787], [689]) 0.40030813217163086
([788], [690]) 0.40800344944000244
([789, 790], [691]) 0.4294581711292267
([791], [692]) 0.3956267833709717
([792], [693]) 0.7610135674476624
([793], [694]) 0.6707541346549988
([794], [695]) 0.752206027507782
([795], [696]) 0.4395296573638916
([796, 797], [697]) 0.42149168252944946
([798], [698]) 0.3422994017601013
([799], [699]) 0.4400918185710907
([800], [700]) 0.5165874361991882
([801], [701]) 0.5498002767562866
([802], [702]) 0.43898311257362366
([803], [703]) 0.4014948606491089
([804], [704]) 0.36963745951652527
([805], [705]) 0.7214056849479675
([806, 807], [706]) 0.3089672923088074
([808], [707]) 0.5037286281585693
([809], [708]) 0.4201309382915497
([810], [709]) 0.450754851102829
([811], [710]) 0.5683582425117493
([812, 813], [711]) 0.5756930112838745
([814], [712]) 0.33569249510765076
([815], [713]) 0.42739608883857727
([816], [714]) 0.5380440354347229
([817], [715]) 0.7531999945640564
([818], [716]) 0.4100235104560852
([819, 820], [717]) 0.38093504309654236
([821, 822, 823], [718]) 0.34029146035512287
