([0], [0]) 0.5207708477973938
([1], [1]) 0.4297018051147461
([2], [2]) 0.3783617317676544
([3], [3]) 0.28523746132850647
([4], [4]) 0.27456027269363403
([5], [5]) 0.4522881805896759
([6], [6]) 0.5835984349250793
([7], [7]) 0.2683841586112976
([8], [8]) 0.22623668611049652
([9], [9]) 0.49162688851356506
([10, 11], [10]) 0.27753782272338867
([12], [11, 12]) 0.298663467168808
([13], [13]) 0.43518832325935364
([14], [14]) 0.3075767457485199
([15], [15]) 0.3412238359451294
([16], [16]) 0.4146639406681061
([17], [17]) 0.30097249150276184
([18], [18]) 0.38286009430885315
([19], [19]) 0.25901517271995544
([20], [20]) 0.287659615278244
([21], [21]) 0.6756000518798828
([22], [22]) 0.7859460115432739
([23], [23, 24]) 0.36771851778030396
([24], [25]) 0.1912294626235962
([25], [26]) 0.359243780374527
([26], [27]) 0.3533499538898468
([27], [28]) 0.36524730920791626
([28], [29, 30]) 0.41960659623146057
([29], [31]) 0.7436017990112305
([30], [32]) 0.1987062394618988
([31, 32], [33]) 0.3570203483104706
([33, 34], [34]) 0.39027029275894165
([35], [35]) 0.3433864414691925
([36], [36, 37]) 0.2576542794704437
([37], [38]) 0.3398752510547638
([38], [39]) 0.38928040862083435
([39], [40]) 0.4673139154911041
([40, 41, 42], [41]) 0.36252784729003906
([43], [42, 43]) 0.5474480390548706
([44], [44]) 0.7262160181999207
([45], [45]) 0.4325758218765259
([46], [46]) 0.3715987801551819
([47], [47]) 0.39691612124443054
([48], [48]) 0.35442301630973816
([49], [49]) 0.36679086089134216
([50], [50]) 0.29200318455696106
([51], [51]) 0.4323722720146179
([52], [52]) 0.44616129994392395
([53], [53]) 0.5086272954940796
([54], [54]) 0.4867350161075592
([55], [55]) 0.5731562376022339
([56], [56]) 0.43602117896080017
([57], [57]) 0.43541476130485535
([58], [58]) 0.6377556324005127
([59], [59]) 0.3766759932041168
([60], [60]) 0.3737388849258423
([61], [61]) 0.5352715849876404
([62], [62]) 0.4797150790691376
([63], [63]) 0.3078170418739319
([64], [64]) 0.5753311514854431
([65], [65]) 0.4911029636859894
([66], [66]) 0.4855726659297943
([67, 68], [67]) 0.5954611897468567
([69], [68]) 0.5475531220436096
([70], [69]) 0.36388468742370605
([71], [70]) 0.4837779402732849
([72], [71]) 0.33355197310447693
([73], [72]) 0.5739574432373047
([74], [73]) 0.47338342666625977
([75], [74]) 0.7088139057159424
([76], [75]) 0.7326163649559021
([77], [76]) 0.5275325775146484
([78], [77]) 0.5484196543693542
([79], [78]) 0.47196489572525024
([80], [79]) 0.5110318660736084
([81], [80]) 0.4161202609539032
([82], [81]) 0.8189145922660828
([83], [82]) 0.36277973651885986
([84], [83]) 0.42460888624191284
([85, 86], [84]) 0.47442540526390076
([87], [85]) 0.29734158515930176
([88], [86]) 0.4651470482349396
([89], [87]) 0.5533724427223206
([90], [88]) 0.6475552320480347
([91], [89]) 0.4328593611717224
([92, 93], [90]) 0.37681740522384644
([94], [91]) 0.41340938210487366
([95, 96], [92]) 0.3691018223762512
([97], [93]) 0.37313517928123474
([98], [94]) 0.5767136216163635
([99], [95]) 0.7292922139167786
([100, 101], [96]) 0.5087764859199524
([102], [97]) 0.4525850713253021
([103], [98]) 0.46600013971328735
([104], [99]) 0.37907636165618896
([105], [100]) 0.4490429759025574
([106], [101]) 0.3576973080635071
([107], [102]) 0.3653736114501953
([108], [103]) 0.4355718195438385
([109, 110], [104]) 0.6323076486587524
([111], [105]) 0.4157858192920685
([112], [106]) 0.5091654658317566
([113], [107]) 0.5241033434867859
([114], [108]) 0.5160285830497742
([115], [109]) 0.5456994771957397
([116], [110]) 0.475763201713562
([117], [111]) 0.3784855008125305
([118], [112]) 0.3118920922279358
([119], [113]) 0.5623072981834412
([120], [114]) 0.34607481956481934
([121], [115]) 0.5593380928039551
([122], [116]) 0.6175445914268494
([123], [117]) 0.43074363470077515
([124, 125], [118]) 0.38045382499694824
([126, 127], [119]) 0.5837500691413879
([128], [120, 121]) 0.45696064829826355
([129], [122]) 0.43525001406669617
([130], [123]) 0.21783021092414856
([131], [124]) 0.6829361319541931
([132], [125]) 0.6108086705207825
([133], [126]) 0.9663777947425842
([134, 135], [127]) 0.5128005743026733
([136, 137], [128]) 0.32589998841285706
([138], [129]) 0.3007555902004242
([139, 140], [130]) 0.6349084973335266
([141], [131]) 0.3071747124195099
([142], [132]) 0.5863704681396484
([143], [133]) 0.5116646885871887
([144], [134]) 0.4895481765270233
([145, 146], [135]) 0.2191028743982315
([147], [136]) 0.5300185084342957
([148], [137]) 0.3979767858982086
([149], [138]) 0.3338870108127594
([150], [139]) 0.40496906638145447
([151], [140, 141]) 0.41960057616233826
([152], [142]) 0.9120052456855774
([153], [143]) 0.37841519713401794
([154], [144]) 0.47261011600494385
([155, 156], [145]) 0.4741533696651459
([157], [146]) 0.42889684438705444
([158], [147]) 0.3673690855503082
([159], [148]) 0.4461986720561981
([160], [149]) 0.5445957183837891
([161], [150]) 0.5475066900253296
([162], [151]) 0.45362985134124756
([163], [152, 153]) 0.3910678029060364
([164], [154]) 0.4437764585018158
([165], [155]) 0.519433856010437
([166], [156]) 0.68519526720047
([167], [157]) 0.5067735910415649
([168], [158]) 0.4746505916118622
([169, 170], [159]) 0.395667165517807
([171], [160]) 0.3185954689979553
([172, 173], [161]) 0.6423319578170776
([174], [162]) 0.5040302276611328
([175], [163]) 0.3957139849662781
([176], [164]) 0.5089377760887146
([177], [165]) 0.39208072423934937
([178], [166]) 0.3341038227081299
([179], [167]) 0.4508829116821289
([180], [168]) 0.5373082160949707
([181], [169]) 0.4009363353252411
([182], [170]) 0.4340546727180481
([183], [171]) 0.7175983786582947
([184], [172]) 0.666853129863739
([185, 186], [173]) 0.38632166385650635
([187], [174]) 0.49507683515548706
([188], [175]) 0.7296134233474731
([189], [176]) 0.48653873801231384
([190], [177]) 0.8312142491340637
([191], [178]) 0.5712631344795227
([192], [179]) 0.423432320356369
([193], [180]) 0.6137883067131042
([194], [181]) 0.3364819884300232
([195], [182]) 0.542874276638031
([196], [183]) 0.5482936501502991
([197], [184]) 0.4045217037200928
([198], [185]) 0.5222914814949036
([199], [186]) 0.6747389435768127
([200], [187]) 0.3679185211658478
([201], [188]) 0.6967928409576416
([202], [189]) 0.39388227462768555
([203, 204], [190]) 0.3847172260284424
([205], [191]) 0.4033568203449249
([206], [192]) 0.5980902910232544
([207], [193]) 0.3879377245903015
([208], [194]) 0.6926137804985046
([209], [195]) 0.4735759496688843
([210], [196]) 0.47585785388946533
([211], [197]) 0.42115241289138794
([212], [198]) 0.2927611768245697
([213], [199]) 0.5430967211723328
([214], [200]) 0.5249181389808655
([215], [201]) 0.3634646534919739
([216], [202]) 0.3442663252353668
([217], [203]) 0.3619171679019928
([218], [204]) 0.38640913367271423
([219], [205]) 0.5016914010047913
([220], [206]) 0.7515988945960999
([221], [207]) 0.3021029233932495
([222], [208]) 0.45448189973831177
([223], [209]) 0.3940567672252655
([224], [210]) 0.3251700699329376
([225], [211]) 0.40613052248954773
([226], [212]) 0.5563624501228333
([227], [213]) 0.6224514842033386
([228], [214]) 0.4173940420150757
([229], [215, 216]) 0.5195887684822083
([230], [217]) 0.47800707817077637
([231], [218]) 0.2847132384777069
([232], [219]) 0.299968957901001
([233], [220]) 0.285489946603775
([234], [221]) 0.2868521809577942
([235], [222]) 0.32427504658699036
([236], [223]) 0.5475568771362305
([237], [224]) 0.5350958704948425
([238, 239], [225]) 0.3531073033809662
([240], [226]) 0.3528831899166107
([241], [227]) 0.43572986125946045
([242], [228]) 0.3257085978984833
([243], [229]) 0.44655996561050415
([244], [230]) 0.48804739117622375
([245], [231]) 0.3981962502002716
([246], [232]) 0.3460884094238281
([247], [233, 234]) 0.3737429082393646
([248], [235]) 0.3138958811759949
([249], [236]) 0.4745682179927826
([250], [237]) 0.4418078362941742
([251], [238]) 0.3851914405822754
([252], [239]) 0.6196340322494507
([253], [240]) 0.4510859549045563
([254], [241]) 0.4935092628002167
([255], [242]) 0.7308039665222168
([256], [243]) 0.42986324429512024
([257], [244]) 0.5579878687858582
([258], [245]) 0.42611250281333923
([259], [246]) 0.7839831709861755
([260], [247]) 0.5303033590316772
([261], [248]) 0.3743949830532074
([262], [249]) 0.3300657272338867
([263], [250]) 0.5011651515960693
([264], [251]) 0.4322321116924286
([265, 266], [252]) 0.5469455122947693
([267], [253]) 0.4278889000415802
([268], [254]) 0.514878511428833
([269, 270], [255]) 0.5672178268432617
([271, 272, 273, 274], [256]) 0.4313032925128937
([275], [257]) 0.6445817351341248
([276], [258]) 0.3928733170032501
([277], [259, 260]) 0.4488334059715271
([278], [261]) 0.2551710605621338
([279, 280], [262]) 0.39897674322128296
([281, 282], [263]) 0.29739803075790405
([283, 284], [264]) 0.4608295261859894
([285], [265]) 0.460944265127182
([286], [266]) 0.39739319682121277
([287, 288], [267]) 0.4181276857852936
([289], [268]) 0.3629702627658844
([290], [269]) 0.47957098484039307
([291], [270]) 0.6554508805274963
([292], [271]) 0.4903813898563385
([293, 294], [272]) 0.5567848682403564
([295], [273]) 0.4313405156135559
([296], [274]) 0.40150508284568787
([297], [275]) 0.36772421002388
([298], [276]) 0.6017343401908875
([299], [277]) 0.37707820534706116
([300], [278]) 0.4483978748321533
([301], [279]) 0.5541226863861084
([302], [280]) 0.3553078770637512
([303], [281]) 0.4093349575996399
([304, 305], [282]) 0.38349345326423645
([306], [283, 284, 285]) 0.45253793398539227
([307], [286, 287]) 0.5975505113601685
([308], [288]) 0.32054075598716736
([309], [289]) 0.3902525305747986
([310], [290]) 0.42957252264022827
([311], [291]) 0.49703335762023926
([312], [292]) 0.4654527008533478
([313], [293]) 0.3756973445415497
([314], [294]) 0.4643933176994324
([315], [295]) 0.37985390424728394
([316], [296]) 0.36913537979125977
([317], [297]) 0.5704485774040222
([318], [298]) 0.35460567474365234
([319], [299]) 0.2759615182876587
([320], [300]) 0.7319620847702026
([321], [301]) 0.364296019077301
([322], [302]) 0.3598012924194336
([323], [303]) 0.2712100148200989
([324], [304]) 0.5393007397651672
([325], [305]) 0.5868582129478455
([326, 327], [306]) 0.5210123062133789
([328], [307]) 0.4129316806793213
([329], [308]) 0.35601019859313965
([330], [309]) 0.32951441407203674
([331], [310]) 0.4718576967716217
([332], [311]) 0.3664548695087433
([333], [312]) 0.30925533175468445
([334], [313]) 0.45798179507255554
([335, 336], [314]) 0.38698723912239075
([337], [315]) 0.44925689697265625
([338, 339], [316]) 0.40886011719703674
([340], [317]) 0.4599810838699341
([341], [318]) 0.4583553075790405
([342], [319]) 0.4961940348148346
([343], [320]) 0.29083332419395447
([344], [321]) 0.5829749703407288
([345], [322]) 0.6743839383125305
([346], [323]) 0.5591555237770081
([347], [324]) 0.6156488656997681
([348], [325]) 0.3985986113548279
([349], [326]) 0.5901886820793152
([350], [327]) 0.3740466237068176
([351], [328]) 0.4822433888912201
([352], [329, 330]) 0.3131689429283142
([353], [331]) 0.779635488986969
([354], [332, 333]) 0.525545060634613
([355], [334]) 0.8499321937561035
([356], [335]) 0.6176139712333679
([357], [336]) 0.5120106935501099
([358], [337]) 0.5759645700454712
([359], [338]) 0.6186872124671936
([360], [339]) 0.5280796885490417
([361], [340]) 0.6495651006698608
([362], [341]) 0.259754478931427
([363], [342]) 0.6162680983543396
([364, 365], [343]) 0.7627008557319641
([366], [344]) 0.6107596755027771
([367], [345]) 0.37698420882225037
([368], [346]) 0.3779992461204529
([369], [347]) 0.6364791989326477
([370], [348]) 0.6494405269622803
([371], [349]) 0.32682004570961
([372, 373, 374], [350]) 0.47002700964609784
([375], [351]) 0.4488793611526489
([376], [352]) 0.6142532825469971
([377], [353]) 0.5139490365982056
([378], [354]) 0.7004846334457397
([379], [355]) 0.5692880749702454
([380], [356]) 0.5356669425964355
([381], [357]) 0.3413415253162384
([382], [358]) 0.9143166542053223
([383], [359]) 0.3438725471496582
([384], [360, 361]) 0.38467833399772644
([385], [362]) 0.5164522528648376
([386], [363, 364]) 0.37677186727523804
([387], [365]) 0.44131362438201904
([388], [366]) 0.47103968262672424
([389], [367]) 0.4849250316619873
([390], [368]) 0.37848296761512756
([391], [369]) 0.5364536643028259
([392], [370]) 0.4305271506309509
([393], [371]) 0.36119091510772705
([394], [372]) 0.4089757800102234
([395], [373]) 0.46532490849494934
([396], [374]) 0.4393087923526764
([397], [375]) 0.45128169655799866
([398], [376]) 0.33808469772338867
([399], [377]) 0.6049533486366272
([400], [378]) 0.39246031641960144
([401], [379]) 0.3762374520301819
([402], [380]) 0.4230741262435913
([403], [381]) 0.5175390243530273
([404], [382, 383]) 0.5241872072219849
([405], [384]) 0.38659363985061646
([406], [385]) 0.37300097942352295
([407], [386]) 0.44625842571258545
([408], [387]) 0.7015569806098938
([409], [388]) 0.38337039947509766
([410], [389]) 0.37168213725090027
([411, 412], [390]) 0.5785953402519226
([413], [391]) 0.5238367915153503
([414], [392]) 0.5235908627510071
([415], [393]) 0.4964871108531952
([416], [394]) 0.5975110530853271
([417], [395]) 0.5895345211029053
([418], [396]) 0.44006434082984924
([419], [397]) 0.6221634149551392
([420], [398]) 0.699678361415863
([421], [399]) 0.44870659708976746
([422, 423], [400]) 0.5892632603645325
([424], [401]) 0.689769446849823
([425], [402]) 0.6482952237129211
([426], [403]) 0.5562523007392883
([427], [404]) 0.7364148497581482
([428], [405]) 0.599803626537323
([429], [406]) 0.4506082832813263
([430], [407]) 0.7757142186164856
([431], [408]) 0.4358116090297699
([432], [409]) 0.34572044014930725
([433], [410]) 0.34114229679107666
([434], [411]) 0.32681038975715637
([435], [412]) 0.5251549482345581
([436], [413]) 0.3309546113014221
([437], [414]) 0.26576000452041626
([438], [415, 416, 417, 418]) 0.3977242112159729
([439], [419, 420, 421, 422, 423, 424]) 0.386935035387675
([440], [425]) 0.34914591908454895
([441, 442], [426]) 0.5223144888877869
