([0], [0]) 0.3057648539543152
([1], [1]) 0.35131195187568665
([2], [2]) 0.39029940962791443
([3, 4], [3]) 0.5211471915245056
([5], [4]) 0.39712852239608765
([6], [5]) 0.5325763821601868
([7], [6]) 0.3547005355358124
([8], [7]) 0.35967597365379333
([9], [8]) 0.3930452764034271
([10], [9]) 0.3217622637748718
([11], [10]) 0.6511624455451965
([12], [11]) 0.5318201780319214
([13], [12]) 0.6913458704948425
([14], [13]) 0.33836808800697327
([15], [14, 15]) 0.470936119556427
([16], [16, 17]) 0.3433701694011688
([17], [18]) 0.6712841391563416
([18], [19]) 0.5742223262786865
([19], [20]) 0.467085063457489
([20], [21, 22]) 0.3624662458896637
([21, 22], [23]) 0.36256223917007446
([23], [24]) 0.7083258628845215
([24, 25, 26], [25]) 0.3439634641011556
([27], [26, 27]) 0.529589831829071
([28], [28]) 0.6332073211669922
([29, 30], [29]) 0.3618020713329315
([31], [30, 31]) 0.3949325382709503
([32], [32, 33]) 0.45398440957069397
([33], [34, 35]) 0.3499748706817627
([34], [36]) 0.2614554464817047
([35], [37]) 0.6074596643447876
([36], [38]) 0.5499301552772522
([37], [39]) 0.49665528535842896
([38], [40]) 0.38357117772102356
([39], [41]) 0.3016858696937561
([40], [42]) 0.583304762840271
([41], [43]) 0.5912806391716003
([42], [44]) 0.394427090883255
([43], [45]) 0.3790941536426544
([44], [46]) 0.5810547471046448
([45], [47]) 0.30235755443573
([46], [48]) 0.5097549557685852
([47], [49, 50]) 0.37473833560943604
([48], [51]) 0.4237848222255707
([49], [52]) 0.4056367874145508
([50], [53]) 0.512211799621582
([51], [54]) 0.31618908047676086
([52], [55]) 0.2825917601585388
([53], [56]) 0.33208006620407104
([54], [57]) 0.6983803510665894
([55], [58]) 0.44574663043022156
([56, 57], [59]) 0.45133692026138306
([58], [60]) 0.48444265127182007
([59], [61]) 0.6807060837745667
([60], [62]) 0.4704977869987488
([61], [63, 64]) 0.5886630415916443
([62], [65]) 0.6084650158882141
([63], [66, 67]) 0.46289464831352234
([64], [68]) 0.3889949917793274
([65], [69]) 0.45764392614364624
([66], [70]) 0.4050067365169525
([67], [71]) 0.7272111177444458
([68], [72]) 0.5666688084602356
([69], [73]) 0.48637187480926514
([70], [74]) 0.5896371603012085
([71], [75]) 0.5233867764472961
([72, 73], [76]) 0.4238162636756897
([74], [77, 78]) 0.3646172285079956
([75], [79]) 0.45628711581230164
([76], [80, 81]) 0.4024677276611328
([77], [82]) 0.38834014534950256
([78], [83]) 0.511493980884552
([79], [84, 85]) 0.6312029361724854
([80], [86, 87]) 0.40822920203208923
([81], [88]) 0.5811319947242737
([82], [89]) 0.5095661878585815
([83], [90]) 0.5528615117073059
([84], [91]) 0.3655501902103424
([85], [92]) 0.42711734771728516
([86], [93]) 0.820482611656189
([87], [94]) 0.7596319913864136
([88], [95]) 0.45293742418289185
([89, 90, 91], [96]) 0.5688231786092123
([92], [97, 98, 99]) 0.476703683535258
([93], [100]) 0.4328119456768036
([94], [101, 102, 103]) 0.6068003177642822
([95], [104]) 0.7912644147872925
([96], [105, 106]) 0.40857595205307007
([97], [107]) 0.3294984996318817
([98], [108]) 0.39328980445861816
([99], [109]) 0.40883955359458923
([100], [110]) 0.49409839510917664
([101], [111]) 0.5984153151512146
([102], [112]) 0.33567681908607483
([103], [113]) 0.41427287459373474
([104], [114]) 0.43606629967689514
([105], [115, 116]) 0.4337061643600464
([106], [117]) 0.5827248692512512
([107], [118, 119]) 0.43018922209739685
([108], [120, 121]) 0.3983199894428253
([109, 110], [122]) 0.3689176142215729
([111], [123]) 0.5661413073539734
([112], [124]) 0.7642803192138672
([113], [125]) 0.4550956189632416
([114, 115], [126]) 0.3138734698295593
([116], [127]) 0.5699008703231812
([117], [128, 129]) 0.36794888973236084
([118], [130, 131]) 0.3855753242969513
([119], [132]) 0.5836560726165771
([120], [133]) 0.5077272653579712
([121], [134, 135]) 0.474298894405365
([122], [136]) 0.28034746646881104
([123], [137]) 0.3666207492351532
([124], [138, 139]) 0.45706942677497864
([125], [140]) 0.47366368770599365
([126], [141]) 0.5058877468109131
([127], [142]) 0.3551430404186249
([128], [143]) 0.5141300559043884
([129], [144]) 0.7328392267227173
([130], [145]) 0.3109299838542938
([131], [146]) 0.8668176531791687
([132], [147, 148]) 0.3852751851081848
([133], [149]) 0.5018076300621033
([134], [150]) 0.5082164406776428
([135], [151]) 0.5835475325584412
([136], [152]) 0.37438562512397766
([137], [153]) 0.6104322075843811
([138], [154]) 0.5203840136528015
([139], [155]) 0.38692858815193176
([140], [156]) 0.31370577216148376
([141, 142], [157]) 0.47326526045799255
([143], [158]) 0.3935726583003998
([144], [159]) 0.3963770866394043
([145], [160]) 0.37424105405807495
([146], [161]) 0.6271303296089172
([147], [162]) 0.4797481894493103
([148], [163]) 0.6436776518821716
([149], [164, 165, 166]) 0.3080484867095947
([150], [167]) 0.33484333753585815
([151], [168]) 0.568882167339325
([152], [169]) 0.518036425113678
([153], [170, 171]) 0.5406229496002197
([154], [172]) 0.34842872619628906
([155, 156], [173]) 0.31789007782936096
([157, 158], [174]) 0.3648735582828522
([159], [175, 176]) 0.35066428780555725
([160], [177]) 0.3578520715236664
([161], [178]) 0.5544677972793579
([162], [179]) 0.4448849558830261
([163], [180]) 0.23393140733242035
([164], [181]) 0.4773543179035187
([165], [182]) 0.6297773718833923
([166], [183]) 0.6084128022193909
([167], [184, 185]) 0.3968711793422699
([168], [186]) 0.3648837208747864
([169], [187]) 0.6173757910728455
([170], [188]) 0.4091433882713318
([171], [189]) 0.6850834488868713
([172], [190, 191]) 0.6283427476882935
([173], [192]) 0.4700365960597992
([174], [193]) 0.6086338758468628
([175, 176], [194]) 0.36771243810653687
([177], [195, 196]) 0.3190085291862488
([178], [197, 198]) 0.391764372587204
([179], [199]) 0.8221588730812073
([180], [200]) 0.349679172039032
([181], [201]) 0.5125441551208496
([182], [202, 203]) 0.4138695299625397
([183], [204]) 0.400382399559021
([184], [205]) 0.32896238565444946
([185], [206]) 0.2537578046321869
([186], [207]) 0.38852325081825256
([187], [208, 209]) 0.26415106654167175
([188], [210]) 0.10445946455001831
([189], [211]) 0.3942676782608032
([190], [212]) 0.4191510081291199
([191], [213]) 0.4692496657371521
([192], [214]) 0.40435174107551575
([193, 194], [215]) 0.37798067927360535
([195], [216, 217]) 0.5998349785804749
([196], [218]) 0.3471772074699402
([197], [219]) 0.45473751425743103
([198], [220]) 0.551234781742096
([199], [221]) 0.38294386863708496
([200], [222]) 0.45440351963043213
([201], [223]) 0.6374459862709045
([202], [224]) 0.28248849511146545
([203, 204], [225]) 0.5540435314178467
([205], [226]) 0.6900454163551331
([206], [227]) 0.4157082140445709
([207], [228, 229]) 0.444001168012619
([208], [230]) 0.5523970723152161
([209], [231]) 0.4873892068862915
([210], [232, 233]) 0.3746035695075989
([211], [234, 235]) 0.280314564704895
([212], [236]) 0.3375200033187866
([213], [237]) 0.16192632913589478
([214], [238, 239, 240]) 0.5293726921081543
([215], [241]) 0.45465725660324097
([216], [242]) 0.4115636944770813
([217], [243, 244, 245, 246, 247, 248, 249]) 0.3627878597804478
([218], [250]) 0.412592351436615
([219], [251]) 0.46386879682540894
([220], [252]) 0.35816076397895813
([221], [253]) 0.4479708671569824
([222], [254]) 0.5365188121795654
([223], [255]) 0.5375707745552063
([224], [256]) 0.6141495108604431
([225], [257]) 0.5119538307189941
([226], [258]) 0.5108215808868408
([227], [259]) 0.5928512215614319
([228], [260]) 0.4472067058086395
([229], [261]) 0.3947504460811615
([230], [262, 263]) 0.2791523039340973
([231], [264]) 0.24605333805084229
([232], [265]) 0.39352503418922424
([233], [266]) 0.37436768412590027
([234], [267]) 0.45503902435302734
([235], [268]) 0.36820366978645325
([236], [269]) 0.3610040247440338
([237], [270]) 0.32041600346565247
([238], [271]) 0.33771267533302307
([239], [272]) 0.335224986076355
([240], [273]) 0.49901771545410156
([241], [274]) 0.3217506408691406
([242], [275]) 0.35891827940940857
([243], [276]) 0.40161073207855225
([244], [277]) 0.2882761061191559
([245], [278]) 0.3510030210018158
([246], [279]) 0.499967485666275
([247], [280, 281]) 0.33950570225715637
([248], [282]) 0.5579037070274353
([249], [283]) 0.41058921813964844
([250], [284]) 0.3767560124397278
([251], [285]) 0.4016490578651428
([252], [286]) 0.42474034428596497
([253], [287]) 0.5247901082038879
([254], [288]) 0.49827679991722107
([255], [289]) 0.6091782450675964
([256], [290, 291]) 0.6459128260612488
([257], [292]) 0.4428303837776184
([258], [293]) 0.4643309712409973
([259], [294, 295]) 0.38278746604919434
([260], [296]) 0.5559996366500854
([261], [297]) 0.48555317521095276
([262], [298]) 0.5386572480201721
([263], [299]) 0.3353109359741211
([264], [300]) 0.3525470793247223
([265], [301]) 0.38642024993896484
([266], [302]) 0.715313732624054
([267], [303]) 0.4453670382499695
([268], [304]) 0.5330809950828552
([269], [305, 306, 307]) 0.6632913748423258
([270], [308]) 0.5736178755760193
([271], [309]) 0.3460069000720978
([272], [310]) 0.4168352782726288
([273], [311]) 0.2758015990257263
([274], [312]) 0.3775230348110199
([275], [313]) 0.4413187503814697
([276], [314, 315, 316, 317, 318]) 0.4044045925140381
([277], [319]) 0.40417367219924927
([278], [320]) 0.43960487842559814
([279], [321]) 0.38054224848747253
([280], [322]) 0.32871121168136597
([281, 282], [323]) 0.5086663365364075
([283], [324]) 0.7284764647483826
([284], [325]) 0.6949304938316345
([285], [326]) 0.3618713617324829
([286], [327, 328]) 0.4539587199687958
([287], [329]) 0.49803367257118225
([288], [330]) 0.653162956237793
([289], [331]) 0.5130485892295837
([290], [332]) 0.5489542484283447
([291], [333]) 0.4006745517253876
([292], [334]) 0.45356249809265137
([293], [335]) 0.6601479053497314
([294], [336]) 0.8135153651237488
([295], [337]) 0.4511241018772125
([296], [338, 339]) 0.6016144156455994
([297, 298], [340]) 0.38143476843833923
([299], [341]) 0.6091452240943909
([300], [342]) 0.37075668573379517
([301], [343, 344]) 0.373494029045105
([302], [345]) 0.41516953706741333
([303, 304], [346]) 0.4820231795310974
([305], [347]) 0.32783499360084534
([306], [348, 349, 350]) 0.5110534826914469
([307], [351, 352]) 0.5909143686294556
([308], [353, 354]) 0.8658049702644348
([309], [355]) 0.6507711410522461
([310, 311], [356]) 0.2754485011100769
([312], [357]) 0.48701366782188416
([313], [358]) 0.47473540902137756
([314], [359, 360]) 0.4679125249385834
([315], [361]) 0.34646928310394287
([316], [362]) 0.5134555101394653
([317], [363]) 0.30810222029685974
([318], [364]) 0.26613205671310425
([319], [365, 366]) 0.5034635066986084
([320], [367]) 0.5136943459510803
([321], [368]) 0.31513965129852295
([322], [369]) 0.4228045344352722
([323], [370]) 0.22775374352931976
([324], [371]) 0.47529637813568115
([325], [372]) 0.2559652328491211
([326], [373]) 0.33593836426734924
([327, 328], [374]) 0.28493791818618774
([329], [375]) 0.24622897803783417
([330], [376]) 0.4497339129447937
([331], [377]) 0.45270341634750366
([332], [378]) 0.3923816680908203
([333], [379]) 0.2870924770832062
([334], [380]) 0.5417365431785583
([335], [381]) 0.3021796643733978
([336], [382]) 0.586053729057312
([337], [383]) 0.6581609845161438
([338], [384]) 0.9766240119934082
([339], [385]) 0.2730347514152527
([340], [386]) 0.6289284825325012
([341], [387]) 0.42935359477996826
([342], [388]) 0.6032707095146179
([343], [389]) 0.47232484817504883
([344], [390]) 0.20340096950531006
([345], [391]) 0.49513906240463257
([346], [392, 393, 394]) 0.4524317185084025
([347], [395]) 0.515708863735199
([348], [396]) 0.7578326463699341
([349], [397]) 0.3108944296836853
([350], [398]) 0.5582568645477295
([351], [399]) 0.5980422496795654
([352], [400]) 0.29925402998924255
([353], [401, 402]) 0.4265543520450592
([354], [403]) 0.40554314851760864
([355], [404]) 0.8303203582763672
([356], [405, 406]) 0.3546968698501587
([357], [407, 408, 409]) 0.3482554356257121
([358], [410]) 0.45295703411102295
([359], [411]) 0.7848933339118958
([360, 361], [412]) 0.5943873524665833
([362], [413]) 0.49121585488319397
([363], [414]) 0.5768578052520752
([364], [415]) 0.5293159484863281
([365], [416]) 0.4240701496601105
([366], [417]) 0.6021287441253662
([367, 368], [418]) 0.6594961881637573
([369], [419]) 0.5564135313034058
([370], [420, 421]) 0.6397730708122253
([371], [422]) 0.5219151973724365
([372], [423]) 0.41892701387405396
([373], [424]) 0.5650126338005066
([374], [425]) 0.6245819330215454
([375], [426]) 0.4786522090435028
([376], [427]) 0.4350670278072357
([377], [428]) 0.44169965386390686
([378], [429]) 0.358000248670578
([379], [430]) 0.4414476454257965
([380], [431, 432]) 0.5487505793571472
([381], [433]) 0.4109638035297394
([382], [434]) 0.4365603029727936
([383], [435]) 0.6434399485588074
([384], [436]) 0.5305129885673523
([385], [437]) 0.49524447321891785
([386], [438]) 0.37210288643836975
([387], [439]) 0.4368727505207062
([388], [440, 441]) 0.3429584801197052
([389], [442]) 0.5745707750320435
([390], [443]) 0.2685984969139099
([391], [444]) 0.3874257802963257
([392], [445, 446]) 0.4931212365627289
([393], [447]) 0.3043850064277649
([394], [448, 449]) 0.39656850695610046
([395], [450]) 0.38501492142677307
([396], [451]) 0.4829944372177124
([397], [452]) 0.3040870428085327
([398], [453]) 0.2091362625360489
([399], [454]) 0.2999733090400696
([400], [455, 456, 457]) 0.22587406635284424
([401], [458, 459]) 0.37621501088142395
([402], [460]) 0.428117960691452
([403], [461]) 0.42481422424316406
([404], [462, 463]) 0.36946073174476624
([405], [464]) 0.3736359775066376
([406], [465, 466]) 0.37941649556159973
([407, 408, 409], [467]) 0.43556686242421466
([410], [468, 469]) 0.4073715806007385
([411], [470]) 0.3291565477848053
([412], [471, 472]) 0.3568395674228668
([413], [473]) 0.5201406478881836
([414], [474]) 0.6259914636611938
([415], [475]) 0.39941778779029846
([416], [476]) 0.5253540277481079
([417], [477]) 0.4737033545970917
([418], [478]) 0.31060612201690674
([419], [479]) 0.6366788744926453
([420], [480]) 0.4120219647884369
([421], [481]) 0.3471779227256775
([422], [482]) 0.4365156292915344
([423], [483]) 0.5387599468231201
([424], [484]) 0.45750585198402405
([425], [485]) 0.2628578543663025
([426], [486]) 0.46216684579849243
([427], [487]) 0.5889033079147339
([428], [488]) 0.36763516068458557
([429], [489]) 0.37553438544273376
([430], [490]) 0.2570410668849945
([431], [491]) 0.4562259614467621
([432], [492]) 0.5844776630401611
([433], [493]) 0.3861202299594879
([434], [494]) 0.5118449330329895
([435], [495]) 0.40844765305519104
([436], [496]) 0.36704763770103455
([437], [497]) 0.5520246624946594
([438], [498]) 0.24934084713459015
([439], [499]) 0.4219093918800354
([440], [500]) 0.42869165539741516
([441], [501]) 0.8211331963539124
([442], [502]) 0.5836812853813171
([443], [503]) 0.5056937336921692
([444], [504]) 0.5005617141723633
([445], [505]) 0.4350222945213318
([446], [506]) 0.5822728276252747
([447], [507]) 0.43548303842544556
([448], [508, 509]) 0.33276644349098206
([449], [510]) 0.6865543723106384
([450], [511]) 0.6632503867149353
([451], [512]) 0.7430562973022461
([452], [513]) 0.4224911630153656
([453], [514]) 0.68443763256073
([454], [515, 516, 517]) 0.39271287123362225
([455], [518]) 0.8200663924217224
([456], [519]) 0.5169944763183594
([457], [520]) 0.5553191304206848
([458], [521]) 0.4630964994430542
([459], [522]) 0.5421805381774902
([460], [523]) 0.64715576171875
([461], [524]) 0.5720184445381165
([462], [525]) 0.7298281192779541
([463], [526]) 0.6068432927131653
([464], [527]) 0.47157353162765503
([465], [528]) 0.32677745819091797
([466], [529]) 0.4095378518104553
([467], [530]) 0.43744876980781555
([468], [531, 532]) 0.44796088337898254
([469], [533]) 0.4365593492984772
([470], [534, 535]) 0.5294755697250366
([471], [536]) 0.5563764572143555
([472], [537]) 0.4610599875450134
([473], [538]) 0.4236906170845032
([474], [539]) 0.37230920791625977
([475], [540]) 0.41077035665512085
([476], [541]) 0.24225571751594543
([477], [542]) 0.4068053662776947
([478], [543, 544]) 0.38085585832595825
([479], [545]) 0.6098878383636475
([480], [546]) 0.7650757431983948
([481], [547]) 0.400905966758728
([482], [548]) 0.48271849751472473
([483], [549, 550]) 0.48069173097610474
([484], [551]) 0.813054621219635
([485], [552]) 0.5418896675109863
([486], [553]) 0.701069176197052
([487], [554]) 0.935283899307251
([488], [555]) 0.39877182245254517
([489], [556]) 0.7854859828948975
([490], [557]) 0.5626876950263977
([491], [558]) 0.4393889009952545
([492], [559]) 0.4242337644100189
([493], [560]) 0.5822189450263977
([494], [561]) 0.2660897970199585
([495], [562]) 0.7099288702011108
([496], [563]) 0.2628907859325409
([497], [564]) 0.6642995476722717
([498], [565]) 0.34174230694770813
([499], [566]) 0.436894029378891
([500], [567]) 0.6144046783447266
([501], [568]) 0.21954776346683502
([502], [569]) 0.3008290231227875
([503], [570]) 0.44134655594825745
([504], [571]) 0.45118218660354614
([505], [572]) 0.2634998857975006
([506], [573]) 0.6021614074707031
([507], [574]) 0.557345986366272
([508], [575]) 0.5831883549690247
([509], [576]) 0.34583738446235657
([510], [577]) 0.3067367970943451
([511], [578]) 0.4460473358631134
([512], [579]) 0.5085318684577942
([513], [580]) 0.5089555382728577
([514], [581, 582]) 0.44995030760765076
([515], [583]) 0.34388190507888794
([516], [584]) 0.4856513738632202
([517], [585]) 0.3106345236301422
([518], [586]) 0.5441266298294067
([519], [587]) 0.3543187379837036
([520], [588]) 0.25390276312828064
([521], [589, 590]) 0.48153120279312134
([522], [591]) 0.831439733505249
([523], [592, 593]) 0.46705397963523865
([524], [594, 595, 596]) 0.504777987798055
([525], [597]) 0.676831841468811
([526], [598]) 0.3927481770515442
([527], [599]) 0.44145673513412476
([528], [600]) 0.48179319500923157
([529], [601]) 0.5344886779785156
([530], [602]) 0.41223517060279846
([531], [603]) 0.4046241044998169
([532], [604]) 0.3967750668525696
([533], [605]) 0.4630545973777771
([534, 535], [606]) 0.3284037113189697
([536, 537], [607]) 0.5011779069900513
([538], [608, 609]) 0.29382216930389404
([539], [610]) 0.41201406717300415
([540], [611]) 0.6381275057792664
([541], [612]) 0.42661353945732117
([542], [613]) 0.2769467830657959
([543], [614]) 0.32865744829177856
([544], [615]) 0.39505481719970703
([545], [616]) 0.3351617157459259
([546, 547], [617]) 0.361844927072525
([548], [618, 619, 620]) 0.5008110205332438
([549], [621]) 0.5233309268951416
([550], [622]) 0.41271036863327026
([551], [623]) 0.517955482006073
([552], [624]) 0.3779505491256714
([553], [625]) 0.5251903533935547
([554], [626]) 0.4369250237941742
([555], [627]) 0.45178109407424927
([556], [628]) 0.4711207449436188
([557], [629]) 0.5787570476531982
([558], [630]) 0.7042041420936584
([559, 560], [631]) 0.24477362632751465
([561], [632]) 0.3208860754966736
([562], [633]) 0.4516895115375519
([563], [634]) 0.4026791751384735
([564], [635]) 0.22568747401237488
([565], [636]) 0.5954020023345947
([566], [637]) 0.4849990904331207
([567], [638]) 0.2927567660808563
([568], [639]) 0.4383208751678467
([569], [640]) 0.5824015140533447
([570], [641]) 0.25188466906547546
([571], [642]) 0.49140098690986633
([572], [643]) 0.29294630885124207
([573], [644, 645]) 0.4667225778102875
([574], [646, 647]) 0.44377103447914124
([575], [648]) 0.31799110770225525
([576], [649]) 0.5536106824874878
([577], [650]) 0.3725195527076721
([578], [651]) 0.3447543978691101
([579], [652]) 0.41433289647102356
([580], [653]) 0.24270476400852203
([581], [654]) 0.43292999267578125
([582], [655]) 0.40477389097213745
([583], [656]) 0.3906921446323395
([584], [657]) 0.21887946128845215
([585], [658]) 0.2978670001029968
([586], [659]) 0.4476483464241028
([587], [660]) 0.5658684968948364
([588], [661]) 0.44678840041160583
([589], [662]) 0.5361223816871643
([590], [663]) 0.4443138539791107
([591], [664]) 0.6468065977096558
([592], [665]) 0.5279293060302734
([593], [666]) 0.5195561051368713
([594], [667]) 0.34248238801956177
([595, 596], [668]) 0.417665958404541
([597], [669]) 0.3119337856769562
([598], [670]) 0.7475509643554688
([599], [671]) 0.34520861506462097
([600], [672]) 0.612808883190155
([601], [673]) 0.4224112331867218
([602], [674]) 0.4729679226875305
([603], [675]) 0.7113046050071716
([604], [676]) 0.29400402307510376
([605], [677]) 0.5210627317428589
([606], [678]) 0.33767926692962646
([607], [679]) 0.625840961933136
([608], [680]) 0.4468115568161011
([609], [681]) 0.5280161499977112
([610], [682]) 0.7384197115898132
([611], [683, 684, 685, 686]) 0.4573532044887543
([612], [687]) 0.5957237482070923
([613], [688]) 0.49344465136528015
([614], [689]) 0.4993188679218292
([615], [690]) 0.6269371509552002
([616], [691]) 0.3179798424243927
([617], [692, 693]) 0.23526287078857422
([618], [694]) 0.3704838752746582
([619], [695]) 0.4700111746788025
([620], [696]) 0.46961331367492676
([621], [697, 698]) 0.520107626914978
([622], [699]) 0.6742466688156128
([623], [700, 701]) 0.6279793977737427
([624], [702]) 0.5260428190231323
([625], [703]) 0.5029820203781128
([626], [704, 705]) 0.44041383266448975
([627], [706]) 0.6244813203811646
([628], [707]) 0.41992002725601196
([629], [708]) 0.7209439873695374
([630], [709]) 0.38747721910476685
([631], [710]) 0.42327648401260376
([632], [711]) 0.5604785680770874
([633], [712]) 0.6674945950508118
([634], [713]) 0.4998042583465576
([635], [714]) 0.5846545696258545
([636], [715]) 0.557207465171814
([637], [716]) 0.3547680377960205
([638], [717]) 0.4736650884151459
([639], [718]) 1.0328692197799683
([640], [719]) 0.49789169430732727
([641], [720]) 0.34993594884872437
([642], [721, 722]) 0.3965907692909241
([643], [723]) 0.32509517669677734
([644], [724, 725]) 0.46757346391677856
([645], [726]) 0.7685205936431885
([646], [727]) 0.3368320167064667
([647], [728]) 0.5367826223373413
([648], [729]) 0.5384829640388489
([649], [730]) 0.5598948001861572
([650], [731]) 0.305917888879776
([651], [732]) 0.3832337260246277
([652], [733, 734, 735]) 0.31915128231048584
([653], [736]) 0.8851033449172974
([654], [737, 738]) 0.48302599787712097
([655], [739]) 0.5228661298751831
([656], [740, 741]) 0.4526490569114685
([657], [742, 743]) 0.6777708530426025
([658], [744]) 0.6685411930084229
([659], [745]) 0.476667195558548
([660], [746]) 0.6060722470283508
([661], [747]) 0.4615495502948761
([662], [748]) 0.30049535632133484
([663], [749]) 0.43826648592948914
([664], [750]) 0.41277897357940674
([665], [751]) 0.4398154020309448
([666, 667], [752]) 0.6720110774040222
([668], [753]) 0.6458221673965454
([669], [754]) 0.3293076455593109
([670], [755]) 0.6953016519546509
([671], [756]) 0.38226741552352905
([672], [757]) 0.5935671329498291
([673], [758]) 0.6156581044197083
([674], [759]) 0.37126684188842773
([675], [760, 761]) 0.4596259295940399
([676], [762]) 0.35955727100372314
([677], [763, 764]) 0.37924593687057495
([678], [765]) 0.4117826819419861
([679], [766]) 0.6423553824424744
([680], [767]) 0.5582009553909302
([681], [768]) 0.43949273228645325
([682], [769]) 0.5553060173988342
([683], [770]) 0.4779715836048126
([684], [771]) 0.4466260075569153
([685], [772]) 0.4169516861438751
([686], [773]) 0.7809084057807922
([687], [774]) 0.3710353672504425
([688], [775]) 0.40988942980766296
([689], [776]) 0.15284061431884766
([690], [777]) 0.23182807862758636
([691], [778]) 0.17972205579280853
([692], [779]) 0.3394979238510132
([693], [780]) 0.6356351375579834
([694], [781]) 0.2863689064979553
([695], [782]) 0.5665625929832458
([696], [783]) 0.3137394189834595
([697], [784]) 0.3943377733230591
([698], [785]) 0.4031659960746765
([699, 700], [786]) 0.27248820662498474
([701], [787, 788]) 0.27459898591041565
([702], [789]) 0.5106518268585205
([703], [790]) 0.2908877730369568
([704], [791]) 0.5625588893890381
([705, 706], [792]) 0.4666782319545746
