([0], [0]) 0.4849494397640228
([1], [1]) 0.29730483889579773
([2, 3], [2]) 0.4641389548778534
([4], [3]) 0.5606113076210022
([5], [4]) 0.4318077266216278
([6], [5]) 0.46172094345092773
([7], [6]) 0.5075183510780334
([8], [7]) 0.6967406868934631
([9, 10], [8]) 0.5365718007087708
([11, 12, 13], [9]) 0.38964319229125977
([14], [10]) 0.4664544463157654
([15, 16], [11]) 0.44793418049812317
([17], [12]) 0.2535558044910431
([18], [13]) 0.2235170602798462
([19, 20, 21], [14]) 0.20681768655776978
([22], [15]) 0.24335844814777374
([23], [16]) 0.27787479758262634
([24, 25], [17]) 0.39294886589050293
([26, 27], [18]) 0.23839065432548523
([28], [19]) 0.28537195920944214
([29, 30], [20]) 0.19213494658470154
([31], [21]) 0.3813442587852478
([32], [22]) 0.41113153100013733
([33], [23]) 0.3759404718875885
([34, 35, 36], [24]) 0.2751423915227254
([37], [25]) 0.45827656984329224
([38], [26]) 0.3183521628379822
([39, 40], [27]) 0.330255925655365
([41], [28]) 0.2901335060596466
([42], [29]) 0.553162693977356
([43, 44, 45], [30]) 0.44035549958546955
([46], [31]) 0.40160107612609863
([47, 48], [32]) 0.340385377407074
([49], [33]) 0.28976166248321533
([50], [34]) 0.4315870702266693
([51], [35, 36]) 0.2770042419433594
([52], [37, 38]) 0.3596649765968323
([53], [39]) 0.40577617287635803
([54], [40]) 0.4058987498283386
([55, 56, 57], [41]) 0.47905715306599933
([58], [42]) 0.5293468236923218
([59], [43]) 0.466394305229187
([60], [44]) 0.3204060196876526
([61, 62], [45]) 0.31516438722610474
([63], [46]) 0.559217095375061
([64], [47]) 0.4740697145462036
([65], [48]) 0.5385270118713379
([66, 67], [49]) 0.38259512186050415
([68], [50]) 0.35743680596351624
([69], [51]) 0.43140479922294617
([70], [52]) 0.2713805139064789
([71, 72, 73, 74], [53]) 0.4082631766796112
([75], [54]) 0.485332190990448
([76], [55]) 0.4035283029079437
([77, 78], [56]) 0.6225317716598511
([79], [57]) 0.5666393041610718
([80, 81, 82, 83], [58]) 0.3438687324523926
([84], [59]) 0.510464072227478
([85], [60]) 0.5264822244644165
([86], [61]) 0.3648906648159027
([87], [62]) 0.34056389331817627
([88], [63]) 0.4064454734325409
([89], [64]) 0.2749529480934143
([90], [65]) 0.28481727838516235
([91], [66]) 0.38857752084732056
([92], [67]) 0.2341281622648239
([93, 94], [68]) 0.306703120470047
([95], [69]) 0.29140621423721313
([96], [70, 71]) 0.3425320088863373
([97], [72]) 0.3853045105934143
([98], [73]) 0.5426980257034302
([99], [74, 75]) 0.2416478991508484
([100], [76]) 0.23672451078891754
([101], [77]) 0.6518658995628357
([102], [78]) 0.33083558082580566
([103, 104, 105], [79]) 0.36508357524871826
([106], [80]) 0.372338205575943
([107], [81]) 0.45240098237991333
([108], [82]) 0.7510570287704468
([109, 110], [83]) 0.6012422442436218
([111], [84]) 0.35040533542633057
([112], [85]) 0.5783596038818359
([113, 114], [86]) 0.5006106495857239
([115], [87]) 0.47578009963035583
([116], [88]) 0.4267679750919342
([117], [89]) 0.5495148301124573
([118], [90]) 0.4260770082473755
([119], [91]) 0.42200008034706116
([120], [92]) 0.2593238055706024
([121], [93]) 0.45477116107940674
([122], [94]) 0.4473502039909363
([123, 124], [95]) 0.2735989987850189
([125], [96]) 0.48544904589653015
([126, 127, 128, 129], [97]) 0.3281382620334625
([130], [98]) 0.5990579128265381
([131, 132], [99]) 0.496884286403656
([133], [100]) 0.5020308494567871
([134, 135], [101]) 0.3440927267074585
([136], [102]) 0.463871568441391
([137], [103, 104]) 0.25461965799331665
([138], [105]) 0.7431274652481079
([139], [106]) 0.5428171157836914
([140], [107]) 0.39127981662750244
([141], [108]) 0.4403609335422516
([142], [109]) 0.4953455328941345
([143], [110]) 0.3883967995643616
([144], [111]) 0.3004803955554962
([145, 146, 147], [112]) 0.4728551705678304
([148], [113]) 0.3347338140010834
([149, 150], [114]) 0.3210330903530121
([151], [115, 116]) 0.39931952953338623
([152, 153], [117]) 0.4193347990512848
([154, 155], [118]) 0.5387700200080872
([156, 157, 158], [119]) 0.6027988195419312
([159], [120]) 0.47752708196640015
([160], [121, 122]) 0.29848799109458923
([161, 162, 163], [123]) 0.44513007005055744
([164], [124, 125]) 0.5874344110488892
([165, 166, 167], [126]) 0.5798358917236328
([168], [127]) 0.9266052842140198
([169, 170, 171], [128]) 0.44621892770131427
([172, 173], [129]) 0.431240439414978
([174], [130, 131]) 0.4182174801826477
([175], [132]) 0.3940288722515106
([176, 177, 178], [133]) 0.2844862143198649
([179], [134]) 0.5336114168167114
([180], [135]) 0.2393399178981781
([181], [136]) 0.40136992931365967
([182, 183, 184], [137]) 0.4133043686548869
([185], [138]) 0.5368908047676086
([186, 187, 188], [139]) 0.475792129834493
([189], [140]) 0.7006341218948364
([190], [141, 142]) 0.2610757648944855
([191], [143]) 0.43520796298980713
([192], [144]) 0.6800464987754822
([193], [145]) 0.42118269205093384
([194], [146]) 0.2975772023200989
([195], [147]) 0.5313941836357117
([196], [148]) 0.5299232602119446
([197], [149]) 0.699977695941925
([198, 199], [150]) 0.37113988399505615
([200], [151]) 0.48038312792778015
([201], [152]) 0.6577703356742859
([202, 203, 204], [153]) 0.4933742682139079
([205], [154]) 0.5917524099349976
([206], [155]) 0.2923687994480133
([207], [156]) 0.47348374128341675
([208, 209], [157]) 0.35966768860816956
([210], [158]) 0.5182908773422241
([211, 212], [159]) 0.48960933089256287
([213, 214], [160]) 0.33324915170669556
([215, 216], [161]) 0.47642022371292114
([217, 218], [162]) 0.3558270335197449
([219], [163]) 0.44783082604408264
([220], [164]) 0.5800586342811584
([221], [165]) 0.22024984657764435
([222], [166]) 0.4779985249042511
([223], [167]) 0.30583053827285767
([224, 225], [168]) 0.43645793199539185
([226], [169]) 0.41268524527549744
([227], [170]) 0.7601345777511597
([228], [171]) 0.36409682035446167
([229], [172]) 0.6760106086730957
([230, 231, 232], [173]) 0.4505421320597331
([233], [174]) 0.6568257212638855
([234], [175]) 0.5855814218521118
([235], [176]) 0.788131058216095
([236], [177]) 0.6411845088005066
([237, 238, 239, 240], [178]) 0.35379156470298767
([241, 242], [179]) 0.5077164769172668
([243, 244], [180]) 0.5866817235946655
([245], [181]) 0.7515082955360413
([246], [182]) 0.42953839898109436
([247, 248], [183]) 0.5195533633232117
([249], [184]) 0.33739492297172546
([250, 251, 252], [185]) 0.5174720287322998
([253], [186]) 0.29390236735343933
([254], [187]) 0.23038233816623688
([255], [188]) 0.40076979994773865
([256, 257, 258], [189]) 0.33945473035176593
([259], [190]) 0.4013325870037079
([260], [191]) 0.5496137738227844
([261], [192]) 0.3833593428134918
([262, 263], [193]) 0.3413868248462677
([264], [194]) 0.3605353534221649
([265], [195]) 0.25658178329467773
([266, 267], [196]) 0.4913152754306793
([268], [197]) 0.44577106833457947
([269], [198]) 0.7554462552070618
([270, 271, 272, 273], [199]) 0.4060329496860504
([274], [200]) 0.6620979905128479
([275], [201]) 0.6901671886444092
([276], [202]) 0.41917431354522705
([277, 278], [203]) 0.390624076128006
([279], [204]) 0.45003968477249146
([280], [205]) 0.23370379209518433
([281], [206]) 0.5870860815048218
([282], [207]) 0.41670259833335876
([283, 284], [208]) 0.39282920956611633
([285], [209]) 0.5155094861984253
([286], [210]) 0.4776914417743683
([287], [211]) 0.4307502210140228
([288, 289, 290], [212]) 0.4780131181081136
([291], [213, 214]) 0.5525767207145691
([292, 293], [215]) 0.42219632863998413
([294], [216, 217]) 0.40745750069618225
([295, 296], [218]) 0.5141480565071106
([297, 298], [219]) 0.356996089220047
([299, 300], [220]) 0.3647860288619995
([301, 302, 303], [221]) 0.4563663403193156
([304, 305], [222]) 0.5762959122657776
([306], [223]) 0.5179625749588013
([307], [224, 225]) 0.37890708446502686
([308], [226]) 0.41939637064933777
([309, 310], [227]) 0.3963560163974762
([311], [228]) 0.5669127106666565
([312, 313], [229]) 0.4010072350502014
([314], [230, 231]) 0.5214364528656006
([315], [232, 233, 234]) 0.48202888170878094
([316], [235]) 0.5773605108261108
([317], [236]) 0.8207637667655945
([318, 319], [237]) 0.4584297239780426
([320, 321], [238]) 0.42932137846946716
([322], [239]) 0.5496150255203247
([323, 324], [240]) 0.4458147883415222
([325], [241]) 0.48976394534111023
([326], [242]) 0.6007275581359863
([327, 328], [243]) 0.5125457048416138
([329], [244]) 0.30865535140037537
([330, 331], [245]) 0.4370608329772949
([332, 333, 334], [246]) 0.4880649248758952
([335], [247]) 0.2975395917892456
([336, 337], [248]) 0.32821735739707947
([338], [249]) 0.46633094549179077
([339, 340, 341], [250]) 0.4556899468104045
([342, 343, 344], [251]) 0.43288461367289227
([345], [252]) 0.37831205129623413
([346], [253]) 0.3440144658088684
([347], [254]) 0.4602513909339905
([348], [255]) 0.3950810432434082
([349], [256]) 0.3673567771911621
([350], [257]) 0.4209713041782379
([351], [258]) 0.5242747664451599
([352], [259]) 0.7236550450325012
([353], [260]) 0.7501773238182068
([354], [261]) 0.3550069332122803
([355], [262]) 0.44021254777908325
([356], [263]) 0.384997695684433
([357, 358], [264]) 0.3362100124359131
([359, 360], [265]) 0.3351108133792877
([361], [266]) 0.7843536734580994
([362], [267]) 0.331662654876709
([363], [268]) 0.3355277478694916
([364], [269]) 0.32380425930023193
([365], [270, 271]) 0.3158336877822876
([366], [272]) 0.42734450101852417
([367, 368], [273]) 0.4268704950809479
([369], [274]) 0.3385426104068756
([370], [275]) 0.3826219439506531
([371, 372], [276]) 0.30518823862075806
([373, 374], [277]) 0.359002023935318
([375], [278]) 0.5920548439025879
([376], [279, 280]) 0.6991016268730164
([377, 378, 379, 380, 381], [281]) 0.34906835556030275
([382, 383], [282]) 0.41103267669677734
([384], [283]) 0.7773651480674744
([385, 386], [284]) 0.35103875398635864
([387], [285]) 0.5362988114356995
([388], [286]) 0.6941394209861755
([389], [287]) 1.033057689666748
([390], [288]) 0.5190613269805908
([391, 392], [289]) 0.3822466731071472
([393, 394], [290]) 0.4668836295604706
([395, 396], [291]) 0.39850106835365295
([397], [292]) 0.4193841516971588
([398], [293]) 0.3471522927284241
([399], [294]) 0.3314543664455414
([400, 401], [295]) 0.407030314207077
([402, 403], [296]) 0.3916063904762268
([404], [297]) 0.5263176560401917
([405], [298]) 0.42171987891197205
([406], [299]) 0.29749858379364014
([407], [300]) 0.42021703720092773
([408], [301]) 0.3963308036327362
([409], [302]) 0.26013925671577454
([410], [303]) 0.26024043560028076
([411], [304]) 0.3854018747806549
([412], [305]) 0.4485386610031128
([413, 414, 415], [306]) 0.39012054602305096
([416], [307]) 0.17423582077026367
([417], [308]) 0.32695430517196655
([418], [309]) 0.6836040019989014
([419, 420], [310]) 0.36859044432640076
([421], [311]) 0.4691518545150757
([422], [312]) 0.4524855315685272
([423], [313]) 0.6638779640197754
([424], [314]) 0.4847604036331177
([425], [315]) 0.3598177433013916
([426], [316, 317]) 0.43205204606056213
([427], [318]) 0.5298228859901428
([428], [319, 320]) 0.49530136585235596
([429], [321, 322]) 0.4724270701408386
([430], [323]) 0.556709349155426
([431], [324]) 0.3355986475944519
([432], [325]) 0.2933187484741211
([433], [326]) 0.6836832761764526
([434], [327]) 0.7536299228668213
([435], [328]) 0.37671199440956116
([436, 437], [329]) 0.3512584865093231
([438], [330]) 0.21678465604782104
([439], [331]) 0.4054988920688629
([440], [332]) 0.523486852645874
([441], [333]) 0.27475133538246155
([442], [334]) 0.5554579496383667
([443], [335]) 0.4512561857700348
([444], [336]) 0.22827312350273132
([445], [337]) 0.32332196831703186
([446], [338]) 0.3287864327430725
([447], [339]) 0.24240872263908386
([448], [340]) 0.2628476321697235
([449], [341]) 0.3595876097679138
([450], [342, 343]) 0.33884429931640625
([451], [344]) 0.2957015335559845
([452], [345]) 0.4883117079734802
([453], [346]) 0.1557380110025406
([454, 455], [347]) 0.30737006664276123
([456], [348]) 0.44571882486343384
([457], [349]) 0.25175896286964417
([458, 459, 460], [350]) 0.3806475003560384
([461, 462, 463], [351]) 0.4941625197728475
([464], [352]) 0.5079932808876038
([465, 466, 467, 468], [353]) 0.35407254099845886
([469], [354]) 0.2565656006336212
([470, 471], [355]) 0.4622722864151001
([472], [356]) 0.6113766431808472
([473, 474], [357]) 0.35803499817848206
([475], [358]) 0.2509433627128601
([476], [359]) 0.2443258911371231
([477], [360, 361]) 0.2658260762691498
([478], [362]) 0.5111970901489258
([479, 480], [363]) 0.6573054790496826
([481, 482], [364]) 0.4546035826206207
([483, 484], [365]) 0.3313995599746704
([485, 486], [366]) 0.3649289011955261
([487], [367]) 0.4104430079460144
([488], [368]) 0.5948300361633301
([489], [369]) 0.2938868999481201
([490, 491], [370]) 0.26898112893104553
([492], [371]) 0.47331833839416504
([493], [372]) 0.3527145981788635
([494], [373]) 0.5319430232048035
([495], [374]) 0.9315515756607056
([496], [375]) 0.30985143780708313
([497, 498], [376]) 0.4549415707588196
([499, 500], [377]) 0.3332292139530182
([501, 502, 503], [378]) 0.33887724081675213
([504], [379]) 0.5886335968971252
([505], [380]) 0.46154072880744934
([506], [381, 382]) 0.4568828046321869
([507], [383]) 0.5958309769630432
([508], [384]) 0.33635663986206055
([509], [385]) 0.5464267730712891
([510], [386]) 0.2807067036628723
([511, 512], [387]) 0.23372694849967957
([513], [388]) 0.3090214133262634
([514, 515], [389]) 0.42266929149627686
([516], [390]) 0.2965347468852997
([517], [391]) 0.4080576002597809
([518, 519], [392]) 0.3581311106681824
([520], [393, 394]) 0.35084784030914307
([521], [395]) 0.3026370704174042
([522], [396]) 0.4297846257686615
([523], [397]) 0.5653741359710693
([524], [398]) 0.3783757984638214
([525, 526], [399]) 0.2868795692920685
([527], [400, 401]) 0.5071159601211548
([528, 529, 530], [402]) 0.31670143206914264
([531], [403]) 0.41356712579727173
([532], [404]) 0.5398710370063782
([533, 534], [405]) 0.2973253130912781
([535, 536], [406]) 0.3622358739376068
([537, 538], [407]) 0.4087083637714386
([539], [408, 409]) 0.5666841268539429
([540, 541], [410]) 0.2477157860994339
([542, 543], [411]) 0.37714695930480957
([544, 545], [412]) 0.4047527015209198
([546], [413]) 0.26832398772239685
([547], [414]) 0.3975926339626312
([548], [415, 416, 417]) 0.3890167474746704
([549], [418]) 0.3998353183269501
([550], [419]) 0.39754751324653625
([551], [420]) 0.3805273473262787
([552], [421]) 0.5122355818748474
([553], [422]) 0.4058432877063751
([554], [423]) 0.4974723756313324
([555], [424]) 0.508282482624054
([556, 557], [425]) 0.47406020760536194
([558], [426]) 0.3999570608139038
([559], [427, 428]) 0.5651453733444214
([560], [429]) 0.32618314027786255
([561], [430]) 0.32026809453964233
([562], [431]) 0.5601244568824768
([563, 564, 565], [432]) 0.28249325354894
([566, 567], [433]) 0.28746822476387024
([568], [434]) 0.5363590121269226
([569, 570, 571, 572, 573, 574], [435]) 0.36775843302408856
([575], [436]) 0.3414740562438965
([576], [437]) 0.43250179290771484
([577], [438]) 0.46448206901550293
([578], [439]) 0.4546917974948883
([579], [440]) 0.21657492220401764
([580], [441]) 0.28793829679489136
([581], [442]) 1.020827293395996
([582], [443]) 0.7067387104034424
([583], [444]) 0.35082271695137024
([584], [445]) 0.2832188308238983
([585], [446, 447]) 0.5316641926765442
([586], [448]) 0.3540058135986328
([587], [449]) 0.8534019589424133
([588, 589, 590], [450]) 0.4099290768305461
([591, 592], [451]) 0.25308308005332947
([593], [452]) 0.17097656428813934
([594], [453]) 0.3353393077850342
([595], [454]) 0.2974245548248291
([596], [455]) 0.48873522877693176
([597], [456]) 0.5127565860748291
([598], [457, 458]) 0.4951438307762146
([599], [459]) 0.6936989426612854
([600], [460, 461]) 0.3906472325325012
([601], [462]) 0.544422447681427
([602], [463]) 0.5564820170402527
([603], [464]) 0.41801267862319946
([604], [465]) 0.6003469824790955
([605], [466]) 0.7700898051261902
([606], [467]) 0.610883355140686
([607], [468, 469]) 0.46241864562034607
([608], [470]) 0.39856263995170593
([609], [471]) 0.5043705701828003
([610], [472]) 0.4195091426372528
([611], [473]) 0.5852809548377991
([612], [474]) 0.5197452902793884
([613], [475]) 0.3168134391307831
([614], [476]) 0.23359495401382446
([615, 616], [477]) 0.35631096363067627
([617], [478]) 0.3621904253959656
([618], [479]) 0.4065779745578766
([619], [480]) 0.3580531179904938
([620], [481]) 0.45846027135849
([621], [482, 483]) 0.31057727336883545
([622, 623], [484]) 0.355604350566864
([624], [485]) 0.4782320261001587
([625], [486]) 0.4337012767791748
([626], [487]) 0.3367097079753876
([627], [488]) 0.372175395488739
([628], [489]) 0.21368417143821716
([629, 630, 631], [490]) 0.3617620865503947
([632], [491]) 0.28778061270713806
([633], [492, 493]) 0.29086920619010925
([634], [494]) 0.3974820673465729
([635, 636], [495]) 0.4646661579608917
([637], [496]) 0.6021409630775452
([638], [497]) 0.683323085308075
([639, 640, 641], [498]) 0.510673443476359
([642], [499]) 0.34632980823516846
([643], [500, 501]) 0.5109461545944214
([644], [502]) 0.6546536087989807
([645], [503]) 0.4415600001811981
([646], [504, 505]) 0.3408464193344116
([647], [506, 507]) 0.28623443841934204
([648], [508, 509]) 0.4538898766040802
([649, 650], [510]) 0.261566162109375
([651], [511, 512]) 0.44576773047447205
([652], [513]) 0.5800342559814453
([653], [514]) 0.6538122296333313
([654], [515]) 0.31003695726394653
([655, 656], [516]) 0.4697783887386322
([657, 658], [517]) 0.5291523337364197
([659], [518]) 0.49846014380455017
([660], [519]) 0.47140729427337646
([661], [520]) 0.3915087580680847
([662], [521]) 0.4951772689819336
([663], [522]) 0.448673278093338
([664, 665], [523]) 0.4194186329841614
([666], [524, 525]) 0.7182736992835999
([667], [526]) 0.3957132399082184
([668], [527]) 0.3168540298938751
([669], [528]) 0.6047404408454895
([670], [529]) 0.42457491159439087
([671], [530]) 0.5578054189682007
([672], [531]) 0.6166411638259888
([673], [532]) 0.2232479751110077
([674], [533, 534]) 0.45288950204849243
([675], [535]) 0.4743262231349945
([676], [536, 537, 538]) 0.32150501012802124
([677], [539]) 0.3007449209690094
([678], [540]) 0.39232438802719116
([679], [541]) 0.39381009340286255
([680], [542]) 0.39954808354377747
([681], [543, 544]) 0.25524917244911194
([682], [545, 546, 547]) 0.3258086641629537
([683], [548, 549]) 0.3032030761241913
([684], [550]) 0.3590315878391266
([685], [551]) 0.3154364824295044
([686, 687], [552]) 0.31542977690696716
([688], [553]) 0.35495293140411377
([689], [554]) 0.2872304320335388
([690], [555]) 0.4647902548313141
([691], [556]) 0.28320783376693726
([692], [557]) 0.312701940536499
([693], [558]) 0.5240647792816162
([694], [559]) 0.2846122980117798
([695], [560]) 0.476126492023468
([696], [561, 562]) 0.2817721366882324
([697], [563]) 0.8002433776855469
([698], [564]) 0.41363945603370667
([699], [565]) 0.7346661686897278
([700], [566]) 0.5131624341011047
([701], [567]) 0.3055105209350586
([702], [568]) 0.5330842733383179
([703, 704], [569]) 0.4479052424430847
([705], [570]) 0.2751806676387787
([706], [571]) 0.2829209864139557
([707], [572]) 0.4357224106788635
([708], [573]) 0.24896228313446045
([709], [574]) 0.4065227210521698
([710], [575]) 0.42527100443840027
([711, 712], [576]) 0.6270701289176941
([713, 714], [577]) 0.5783613324165344
([715], [578]) 0.6411779522895813
([716], [579]) 0.4023355543613434
([717], [580, 581]) 0.48014605045318604
([718], [582]) 0.5283991694450378
([719], [583]) 0.2360251396894455
([720, 721], [584]) 0.39599084854125977
([722], [585]) 0.8745431900024414
([723], [586]) 0.7039365172386169
([724, 725, 726], [587]) 0.4976639747619629
([727], [588]) 0.5894297957420349
([728], [589]) 0.7038334608078003
([729], [590]) 0.4850338101387024
([730], [591, 592, 593]) 0.4782593250274658
([731], [594]) 0.4285587668418884
([732], [595]) 0.3142717182636261
([733], [596]) 0.13115525245666504
([734], [597]) 0.3112575113773346
([735, 736], [598]) 0.4356233775615692
([737], [599]) 0.5184286236763
([738], [600]) 0.5122689604759216
([739], [601, 602]) 0.34945717453956604
([740], [603]) 0.10828190296888351
([741, 742], [604]) 0.28019586205482483
([743], [605]) 0.44171765446662903
([744], [606, 607]) 0.2772233486175537
([745], [608, 609]) 0.4003264904022217
([746], [610, 611]) 0.2211238443851471
([747], [612]) 0.5281981825828552
([748], [613, 614]) 0.14751926064491272
([749, 750], [615]) 0.29513970017433167
([751], [616]) 0.330996572971344
([752], [617]) 0.1915968656539917
([753], [618, 619]) 0.4375402331352234
([754], [620]) 0.794903576374054
([755, 756, 757, 758], [621]) 0.3808023929595947
([759, 760], [622]) 0.39623644948005676
([761, 762], [623]) 0.66908860206604
