([0], [0]) 0.36743882298469543
([1, 2, 3], [1]) 0.4229261875152588
([4], [2]) 0.4609818160533905
([5], [3]) 0.5991376042366028
([6], [4]) 0.4524928629398346
([7], [5]) 0.5165467858314514
([8], [6]) 0.3378157317638397
([9, 10], [7]) 0.4618735909461975
([11, 12, 13], [8]) 0.3792978525161743
([14], [9]) 0.5588680505752563
([15], [10]) 0.5819088220596313
([16], [11]) 0.43538644909858704
([17], [12]) 0.3771573305130005
([18, 19, 20, 21, 22, 23], [13]) 0.3991843859354655
([24], [14]) 0.37689054012298584
([25], [15]) 0.7180626392364502
([26], [16]) 0.5598370432853699
([27], [17]) 0.494655966758728
([28], [18]) 0.5158195495605469
([29], [19]) 0.39681676030158997
([30], [20]) 0.33439409732818604
([31], [21]) 0.3701249361038208
([32, 33, 34, 35, 36], [22]) 0.3542447328567505
([37], [23]) 0.486145943403244
([38], [24]) 0.6388431787490845
([39], [25]) 0.29607611894607544
([40], [26]) 0.47359028458595276
([41], [27]) 0.430521160364151
([42], [28]) 0.6842314004898071
([43], [29]) 0.5635198950767517
([44], [30]) 0.3379785120487213
([45, 46], [31]) 0.4570911228656769
([47], [32]) 0.2658611834049225
([48], [33]) 0.43849366903305054
([49], [34]) 0.5830556750297546
([50], [35]) 0.2993132770061493
([51], [36]) 0.17014220356941223
([52], [37]) 0.30130165815353394
([53], [38]) 0.635729193687439
([54], [39]) 0.30298909544944763
([55], [40]) 0.4348386228084564
([56, 57], [41]) 0.4004465937614441
([58], [42]) 0.5400077104568481
([59], [43]) 0.22169868648052216
([60], [44]) 0.3135465681552887
([61], [45]) 0.5758364200592041
([62], [46]) 0.4201706051826477
([63, 64, 65], [47]) 0.5909775495529175
([66], [48]) 0.44823122024536133
([67], [49]) 0.8010357618331909
([68], [50]) 0.43044722080230713
([69, 70], [51]) 0.4476113021373749
([71, 72, 73], [52]) 0.48877986272176105
([74], [53]) 0.5695543885231018
([75], [54]) 0.3474159836769104
([76, 77, 78], [55]) 0.31822752952575684
([79, 80, 81, 82, 83], [56]) 0.3621864318847656
([84], [57]) 0.4463340640068054
([85], [58]) 0.8986889123916626
([86, 87], [59]) 0.5135132074356079
([88], [60]) 0.30263981223106384
([89], [61]) 0.634830892086029
([90, 91], [62]) 0.41413232684135437
([92], [63]) 0.3787248730659485
([93], [64]) 0.44144517183303833
([94], [65]) 0.40918222069740295
([95], [66]) 0.8525905013084412
([96], [67]) 0.931647002696991
([97], [68]) 0.21227270364761353
([98], [69]) 0.7158717513084412
([99], [70]) 0.7813326716423035
([100], [71]) 0.3545721173286438
([101], [72]) 0.3381524980068207
([102, 103], [73]) 0.5764119029045105
([104, 105], [74]) 0.5498919486999512
([106], [75]) 0.3844375014305115
([107], [76, 77]) 0.667090892791748
([108, 109], [78]) 0.48547303676605225
([110], [79]) 0.357120543718338
([111], [80]) 0.6553170084953308
([112], [81]) 0.6485906839370728
([113], [82]) 0.3749454915523529
([114], [83]) 0.4545714557170868
([115], [84]) 0.4920729696750641
([116], [85]) 0.45983022451400757
([117], [86]) 0.4130617380142212
([118, 119], [87]) 0.3154735267162323
([120], [88]) 0.6726201176643372
([121], [89]) 0.2807045876979828
([122], [90]) 0.548850417137146
([123], [91]) 0.3545357286930084
([124], [92]) 0.988995373249054
([125, 126], [93]) 0.4982558786869049
([127], [94]) 0.48147422075271606
([128], [95]) 0.3775629699230194
([129], [96]) 0.5431628227233887
([130], [97]) 0.3017753064632416
([131], [98]) 0.44053664803504944
([132], [99]) 0.48703473806381226
([133, 134], [100]) 0.37601131200790405
([135], [101]) 0.6363112330436707
([136], [102]) 0.4544752538204193
([137, 138, 139], [103]) 0.5387863715489706
([140], [104]) 0.5118399262428284
([141], [105]) 0.30473753809928894
([142], [106]) 0.48595771193504333
([143], [107]) 0.5499672293663025
([144], [108]) 0.6324512958526611
([145], [109]) 0.5600249171257019
([146], [110]) 0.6635439991950989
([147], [111]) 0.5461694598197937
([148, 149, 150], [112]) 0.6320106188456217
([151], [113]) 0.6275942325592041
([152], [114]) 0.6053885817527771
([153], [115]) 0.5961141586303711
([154], [116]) 0.5036433935165405
([155], [117]) 0.6085493564605713
([156], [118]) 0.4657539129257202
([157], [119]) 0.45666882395744324
([158], [120]) 0.5294851064682007
([159], [121]) 0.8237693905830383
([160], [122]) 0.7244561910629272
([161], [123]) 0.42490556836128235
([162], [124]) 0.3144504427909851
([163], [125]) 0.2603147625923157
([164, 165], [126]) 0.37628281116485596
([166], [127]) 0.6156054735183716
([167], [128]) 0.36261746287345886
([168, 169], [129]) 0.4725660979747772
([170], [130]) 0.371103435754776
([171], [131]) 0.40159526467323303
([172], [132]) 0.7322076559066772
([173], [133]) 0.40325793623924255
([174, 175], [134]) 0.42108455300331116
([176], [135, 136]) 0.3899761438369751
([177], [137]) 0.41479751467704773
([178], [138]) 0.3630030155181885
([179], [139]) 0.5726490020751953
([180], [140]) 0.6044849753379822
([181], [141]) 0.4055001437664032
([182], [142]) 0.4825585186481476
([183], [143]) 0.4305640459060669
([184], [144]) 0.5976800918579102
([185], [145]) 0.5312283039093018
([186], [146]) 0.534787654876709
([187], [147]) 0.3724220395088196
([188], [148]) 0.3689093589782715
([189], [149]) 0.4539579153060913
([190], [150]) 0.47834116220474243
([191], [151]) 0.5581191182136536
([192], [152]) 0.4866614043712616
([193], [153]) 0.6503493785858154
([194], [154]) 0.4128226339817047
([195, 196], [155]) 0.33077555894851685
([197], [156]) 0.4760160446166992
([198], [157]) 0.4243120551109314
([199], [158]) 0.3364122807979584
([200], [159]) 0.5542980432510376
([201], [160]) 0.5420506000518799
([202, 203], [161]) 0.37372249364852905
([204], [162]) 0.8210324048995972
([205], [163]) 0.5571309924125671
([206], [164]) 0.4575953781604767
([207, 208, 209, 210], [165]) 0.41063392162323
([211], [166]) 0.46982765197753906
([212], [167]) 0.4335600435733795
([213, 214], [168]) 0.5615494251251221
([215], [169]) 0.5932450294494629
([216], [170]) 0.6685636043548584
([217], [171]) 0.49641430377960205
([218], [172]) 0.6426635980606079
([219, 220], [173]) 0.5462172031402588
([221], [174]) 0.7333710789680481
([222], [175, 176]) 0.5175012350082397
([223, 224], [177]) 0.6797763705253601
([225], [178]) 0.6199414730072021
([226], [179]) 0.4272184371948242
([227], [180]) 0.2545017898082733
([228], [181]) 0.7817108631134033
([229, 230], [182]) 0.38398274779319763
([231], [183]) 0.4520666301250458
([232, 233], [184]) 0.3689751625061035
([234, 235], [185]) 0.576573371887207
([236], [186]) 0.5453696846961975
([237], [187]) 0.4553941786289215
([238], [188]) 0.492977112531662
([239], [189]) 0.322306752204895
([240], [190]) 0.5704814195632935
([241], [191]) 0.33738577365875244
([242], [192]) 0.5545374155044556
([243], [193]) 0.482636421918869
([244], [194]) 0.4683992862701416
([245, 246], [195]) 0.5878663063049316
([247], [196]) 0.7235679030418396
([248], [197, 198]) 0.45723727345466614
([249], [199]) 0.49638694524765015
([250], [200]) 0.7592755556106567
([251], [201]) 0.6564391255378723
([252], [202, 203]) 0.2842022478580475
([253], [204]) 0.3243424892425537
([254], [205]) 0.5405076146125793
([255], [206]) 0.273382306098938
([256], [207]) 0.4986685812473297
([257, 258], [208]) 0.5144059658050537
([259], [209]) 0.796238899230957
([260], [210]) 0.5053105354309082
([261], [211]) 0.43634966015815735
([262], [212]) 0.5573142170906067
([263], [213]) 0.4663647711277008
([264], [214]) 0.47666287422180176
([265], [215]) 0.5432218313217163
([266, 267], [216]) 0.6113911867141724
([268], [217]) 0.5164244174957275
([269], [218]) 0.638970136642456
([270], [219]) 0.6170778274536133
([271], [220]) 0.5962489247322083
([272], [221]) 0.4108700156211853
([273], [222]) 0.3976791501045227
([274], [223]) 0.460122287273407
([275], [224]) 0.6435494422912598
([276], [225]) 0.46020475029945374
([277], [226]) 0.4112914204597473
([278], [227]) 0.37516993284225464
([279], [228]) 0.457804799079895
([280], [229]) 0.4648451507091522
([281], [230]) 0.6568729877471924
([282], [231]) 0.4507596790790558
([283, 284], [232]) 0.4309622645378113
([285], [233]) 0.6267563700675964
([286], [234]) 0.5069722533226013
([287], [235, 236]) 0.436569482088089
([288], [237]) 0.45755866169929504
([289], [238]) 0.3161953091621399
([290], [239]) 0.5537304878234863
([291], [240]) 0.5011492371559143
([292], [241]) 0.4250745177268982
([293, 294], [242]) 0.47886714339256287
([295], [243]) 0.46984896063804626
([296], [244]) 0.45523571968078613
([297], [245]) 0.32713308930397034
([298], [246]) 0.37453794479370117
([299], [247]) 0.4464237093925476
([300], [248]) 0.28944194316864014
([301], [249]) 0.6317257881164551
([302], [250]) 0.4467998743057251
([303], [251]) 0.6287361979484558
([304], [252, 253]) 0.4255586564540863
([305], [254]) 0.555546760559082
([306], [255]) 0.3662319779396057
([307], [256]) 0.27393969893455505
([308], [257]) 0.30499109625816345
([309], [258]) 0.615876317024231
([310], [259]) 0.7065314054489136
([311], [260]) 0.40820634365081787
([312], [261]) 0.4285508394241333
([313], [262]) 0.43231096863746643
([314], [263]) 0.31258320808410645
([315], [264]) 0.7122791409492493
([316], [265]) 0.6171619296073914
([317], [266]) 0.3403337001800537
([318], [267]) 0.6755617260932922
([319], [268]) 0.35868340730667114
([320], [269]) 0.5535717010498047
([321], [270]) 0.4797910749912262
([322, 323], [271]) 0.34022757411003113
([324], [272]) 0.6803292632102966
([325], [273]) 0.28507000207901
([326], [274]) 0.8398174047470093
([327], [275]) 0.4165491759777069
([328], [276]) 0.9233494997024536
([329], [277]) 0.5593284964561462
([330], [278]) 0.3985474109649658
([331], [279]) 0.5476986765861511
([332], [280]) 0.8434409499168396
([333, 334], [281]) 0.365886390209198
([335], [282]) 0.4020003080368042
([336], [283, 284]) 0.42150744795799255
([337], [285]) 0.5894482135772705
([338, 339], [286]) 0.5563021898269653
([340], [287, 288]) 0.6002622842788696
([341], [289]) 0.20708805322647095
([342], [290]) 0.7425791025161743
([343], [291]) 0.5541389584541321
([344], [292]) 0.4849102199077606
([345], [293]) 0.5193265080451965
([346], [294]) 0.44235801696777344
([347], [295, 296]) 0.4213053584098816
([348, 349], [297]) 0.42279550433158875
([350, 351], [298]) 0.424936443567276
([352], [299]) 0.3184245228767395
([353], [300]) 0.4692927896976471
([354], [301]) 0.5287043452262878
([355], [302]) 0.4574507176876068
([356], [303]) 0.5705735683441162
([357, 358], [304]) 0.6314858794212341
([359], [305]) 0.3056141436100006
([360], [306]) 0.6255785226821899
([361, 362], [307]) 0.4767529368400574
([363], [308]) 0.5396077036857605
([364], [309]) 0.31506645679473877
([365], [310]) 0.5639798641204834
([366], [311]) 0.3281480371952057
([367], [312]) 0.5312447547912598
([368], [313]) 0.34445977210998535
([369], [314]) 0.43514174222946167
([370], [315]) 0.46240338683128357
([371], [316]) 0.38107460737228394
([372], [317]) 0.3900446891784668
([373], [318]) 0.355433851480484
([374], [319]) 0.5245471596717834
([375], [320]) 0.5388135313987732
([376], [321]) 0.5779439210891724
([377], [322, 323]) 0.35016322135925293
([378], [324]) 0.5546943545341492
([379, 380], [325]) 0.2969694435596466
([381], [326]) 0.6939764618873596
([382, 383], [327]) 0.6099492907524109
([384], [328]) 0.45094063878059387
([385], [329]) 0.5936086773872375
([386], [330]) 0.36388924717903137
([387], [331]) 0.5208722352981567
([388], [332]) 0.5642058253288269
([389], [333]) 0.3728429973125458
([390, 391], [334]) 0.5161186456680298
([392], [335]) 0.5077098608016968
([393], [336]) 0.5181810259819031
([394], [337]) 0.6143168807029724
([395], [338]) 0.5322898626327515
([396], [339]) 0.4834143817424774
([397], [340]) 0.4629119038581848
([398], [341]) 0.4402267634868622
([399], [342]) 0.3606839179992676
([400, 401], [343]) 0.5407288074493408
([402], [344]) 0.5215961933135986
([403], [345]) 0.5351431369781494
([404], [346]) 0.6240367293357849
([405], [347]) 0.7367512583732605
([406], [348]) 0.6443788409233093
([407], [349]) 0.8615173697471619
([408], [350]) 0.5041051506996155
([409], [351]) 0.6958339810371399
([410], [352, 353]) 0.43583381175994873
([411], [354]) 0.9587834477424622
([412], [355]) 0.36312335729599
([413], [356]) 0.5846588015556335
([414], [357]) 0.6495842337608337
([415], [358]) 0.4057740271091461
([416], [359]) 0.5054642558097839
([417], [360]) 0.7121813893318176
([418], [361]) 0.41404271125793457
([419], [362]) 0.5693623423576355
([420], [363]) 0.3958459198474884
([421], [364]) 0.3303619921207428
([422], [365]) 0.6824877262115479
([423], [366]) 0.47661882638931274
([424], [367]) 0.5991223454475403
([425], [368]) 0.5284061431884766
([426, 427], [369]) 0.5188782215118408
([428], [370]) 0.4589652419090271
([429], [371]) 0.9218384027481079
([430], [372]) 0.5045286417007446
([431], [373]) 0.40740567445755005
([432], [374]) 0.3415529429912567
([433], [375, 376]) 0.3760802745819092
([434, 435], [377]) 0.44893768429756165
([436], [378]) 0.5166458487510681
([437], [379]) 0.787308931350708
([438], [380]) 0.6216504573822021
([439], [381]) 0.43795856833457947
([440], [382]) 0.5043321251869202
([441], [383]) 0.7743446230888367
([442, 443], [384]) 0.6066287159919739
([444], [385]) 0.57573002576828
([445, 446], [386]) 0.45627084374427795
([447], [387]) 0.5230628848075867
([448], [388]) 0.3408076763153076
([449], [389]) 0.3723064064979553
([450], [390]) 0.4560433328151703
([451], [391]) 0.6326949596405029
([452, 453], [392]) 0.4909765124320984
([454], [393]) 0.5299680829048157
([455], [394]) 0.581607460975647
([456], [395]) 0.40947261452674866
([457], [396]) 0.4567059278488159
([458], [397]) 0.5745229721069336
([459], [398]) 0.33261269330978394
([460], [399]) 0.2895732820034027
([461, 462], [400]) 0.540755569934845
([463], [401]) 0.4780386984348297
([464], [402]) 0.5070977807044983
([465], [403]) 0.49758464097976685
([466, 467], [404]) 0.37361472845077515
([468], [405]) 0.357902467250824
([469], [406]) 0.6921565532684326
([470], [407]) 0.4091225862503052
([471], [408]) 0.4861433804035187
([472], [409]) 0.4182213544845581
([473], [410]) 0.6545588970184326
([474], [411]) 0.6250102519989014
([475], [412]) 0.5036971569061279
([476], [413]) 0.5613519549369812
([477], [414]) 0.8190709352493286
([478], [415]) 0.5915645956993103
([479], [416]) 0.38896018266677856
([480], [417]) 0.636432945728302
([481], [418]) 0.677647590637207
([482], [419]) 0.5193285346031189
([483], [420]) 0.39831846952438354
([484], [421]) 0.7348272800445557
([485], [422]) 0.6612287163734436
([486], [423]) 0.3540017306804657
([487], [424]) 0.36652547121047974
([488], [425]) 0.6841136813163757
([489], [426]) 0.4898375868797302
([490], [427]) 0.3945577144622803
([491], [428]) 0.5831626653671265
([492], [429]) 0.43040794134140015
([493], [430]) 0.35342028737068176
([494], [431]) 0.574057400226593
([495], [432]) 0.43530404567718506
([496], [433]) 0.42303380370140076
([497, 498], [434]) 0.5185804963111877
([499], [435]) 0.7872573137283325
([500], [436]) 0.6559128165245056
([501], [437]) 0.476736843585968
([502], [438]) 0.7367662787437439
([503], [439]) 0.2856328785419464
([504], [440]) 0.23284898698329926
([505], [441]) 0.6824840903282166
([506], [442]) 0.4525529742240906
([507], [443]) 0.7509989142417908
([508], [444]) 0.30020952224731445
([509], [445]) 0.5076397657394409
([510], [446]) 0.41488873958587646
([511], [447]) 0.5004909634590149
([512], [448]) 0.4626380205154419
([513], [449]) 0.7288085222244263
([514], [450]) 0.47744718194007874
([515], [451]) 0.3602319657802582
([516], [452]) 0.3009997606277466
([517], [453]) 0.5300039649009705
([518], [454]) 0.4125816524028778
([519, 520], [455]) 0.41022950410842896
([521], [456]) 0.444225549697876
([522], [457]) 0.4688524901866913
([523], [458]) 0.5853369235992432
([524], [459]) 0.44777143001556396
([525], [460]) 0.318086713552475
([526], [461]) 0.44198307394981384
([527], [462]) 0.6281328797340393
([528], [463]) 0.4949558675289154
([529], [464]) 0.535391628742218
([530, 531], [465]) 0.26007863879203796
([532], [466]) 0.2862119972705841
([533], [467]) 0.4161572754383087
([534], [468]) 0.4890405535697937
([535], [469]) 0.45636457204818726
([536], [470]) 0.547471284866333
([537], [471]) 0.5210262537002563
([538], [472]) 0.3645946979522705
([539], [473]) 0.4382328689098358
([540, 541], [474]) 0.4628610610961914
([542], [475]) 0.41685429215431213
([543, 544], [476]) 0.7061574459075928
