([0, 1], [0, 1]) 0.33070361614227295
([2], [2]) 0.5500837564468384
([3], [3]) 0.5274875164031982
([4], [4]) 0.5247595906257629
([5], [5]) 0.4613325893878937
([6], [6]) 0.4874558448791504
([7], [7, 8]) 0.38681960105895996
([8], [9]) 0.4760068953037262
([9], [10, 11]) 0.4030020534992218
([10], [12]) 0.538086473941803
([11], [13]) 0.6591832637786865
([12], [14]) 0.4952695667743683
([13, 14], [15]) 0.47822415828704834
([15, 16], [16]) 0.4745025932788849
([17], [17]) 0.2875334620475769
([18, 19], [18]) 0.3481253385543823
([20], [19]) 0.3400316834449768
([21, 22], [20]) 0.481346070766449
([23], [21]) 0.34661874175071716
([24], [22]) 0.3342891335487366
([25], [23]) 0.6695281267166138
([26], [24]) 0.3760424256324768
([27], [25]) 0.29218947887420654
([28], [26]) 0.36552760004997253
([29], [27]) 0.3711930513381958
([30], [28]) 0.648089587688446
([31], [29, 30, 31]) 0.410425861676534
([32], [32]) 0.18129755556583405
([33], [33]) 0.42308640480041504
([34], [34]) 0.5776466131210327
([35], [35]) 0.6502336263656616
([36], [36, 37]) 0.34442538022994995
([37], [38, 39]) 0.5112733840942383
([38], [40]) 0.5745722651481628
([39], [41]) 0.5300009250640869
([40], [42, 43]) 0.7081162333488464
([41], [44]) 0.5097317695617676
([42], [45]) 0.5317273139953613
([43], [46]) 0.5186241865158081
([44], [47]) 0.4424339830875397
([45], [48]) 0.5883474946022034
([46], [49]) 0.24455368518829346
([47, 48], [50, 51]) 0.23199285566806793
([49], [52]) 0.3273003101348877
([50], [53]) 0.37897446751594543
([51], [54]) 0.44611042737960815
([52], [55, 56]) 0.320006400346756
([53], [57]) 0.5941558480262756
([54, 55], [58]) 0.45023736357688904
([56], [59]) 0.4320705831050873
([57], [60]) 0.5967454314231873
([58], [61]) 0.5123323202133179
([59, 60], [62]) 0.46110570430755615
([61], [63, 64]) 0.45228514075279236
([62], [65]) 0.46648740768432617
([63], [66]) 0.7233127355575562
([64], [67]) 0.3082369863986969
([65], [68]) 0.5289363265037537
([66], [69]) 0.5350757837295532
([67], [70]) 0.31505945324897766
([68], [71]) 0.5505269169807434
([69], [72]) 0.37410327792167664
([70], [73]) 0.6330645084381104
([71], [74]) 0.2982253432273865
([72], [75, 76]) 0.3478449881076813
([73], [77]) 0.5205381512641907
([74], [78, 79]) 0.36338138580322266
([75], [80]) 0.538519024848938
([76], [81]) 0.28389325737953186
([77], [82]) 0.5025900602340698
([78], [83, 84]) 0.37804174423217773
([79, 80], [85]) 0.4335246682167053
([81], [86]) 0.4060177206993103
([82], [87]) 0.5666913986206055
([83], [88, 89]) 0.4245922565460205
([84], [90]) 0.7174996733665466
([85], [91]) 0.439657986164093
([86], [92]) 0.47943606972694397
([87], [93]) 0.5921923518180847
([88], [94]) 0.5898110270500183
([89, 90], [95]) 0.44862130284309387
([91], [96]) 0.39605897665023804
([92], [97, 98]) 0.4857858717441559
([93], [99]) 0.38692715764045715
([94], [100]) 0.7424373030662537
([95], [101]) 0.5426933765411377
([96], [102]) 0.369390606880188
([97, 98], [103]) 0.5453087091445923
([99], [104, 105]) 0.38274461030960083
([100], [106]) 0.6095849275588989
([101], [107, 108]) 0.31951791048049927
([102], [109]) 0.7702984809875488
([103], [110, 111]) 0.40294522047042847
([104], [112, 113]) 0.3356201946735382
([105], [114]) 0.5428012609481812
([106], [115]) 0.4553389847278595
([107], [116]) 0.5274243950843811
([108], [117]) 0.4822356402873993
([109], [118, 119]) 0.5041835308074951
([110], [120]) 0.3561488389968872
([111], [121, 122]) 0.35338255763053894
([112], [123, 124]) 0.5142422318458557
([113], [125]) 0.46320295333862305
([114], [126]) 0.32763904333114624
([115], [127]) 0.42931461334228516
([116], [128]) 0.38495030999183655
([117], [129]) 0.47469910979270935
([118], [130]) 0.4634605348110199
([119], [131]) 0.628679633140564
([120], [132]) 0.5001161098480225
([121], [133]) 0.4641486704349518
([122], [134]) 0.5019465088844299
([123], [135]) 0.5029040575027466
([124], [136]) 0.5194486975669861
([125], [137]) 0.5962875485420227
([126], [138]) 0.5951523780822754
([127, 128], [139]) 0.4678361713886261
([129], [140]) 0.22242064774036407
([130], [141]) 0.2913910448551178
([131], [142]) 0.5330660939216614
([132], [143]) 0.650662899017334
([133], [144]) 0.6256184577941895
([134], [145]) 0.6095378398895264
([135], [146]) 0.3150450885295868
([136], [147]) 0.428666353225708
([137, 138], [148]) 0.3621157705783844
([139], [149]) 0.2831781804561615
([140], [150]) 0.35062023997306824
([141], [151, 152]) 0.39017683267593384
([142], [153]) 0.4737183153629303
([143], [154, 155]) 0.3199796974658966
([144], [156]) 0.38736775517463684
([145], [157]) 0.29317280650138855
([146], [158]) 0.31845515966415405
([147], [159]) 0.49966099858283997
([148], [160, 161]) 0.4701283574104309
([149], [162]) 0.3339851200580597
([150], [163]) 0.6013510227203369
([151], [164]) 0.41363027691841125
([152], [165]) 0.5146146416664124
([153], [166]) 0.357444167137146
([154], [167]) 0.36641281843185425
([155], [168, 169, 170]) 0.3704249858856201
([156], [171]) 0.347333699464798
([157, 158], [172]) 0.5894812345504761
([159], [173]) 0.3062721788883209
([160], [174, 175]) 0.5178884863853455
([161], [176]) 0.4157101809978485
([162], [177, 178]) 0.4425443112850189
([163], [179]) 0.42789217829704285
([164], [180]) 0.5482528209686279
([165], [181]) 0.5999190211296082
([166], [182]) 0.3626910448074341
([167], [183]) 0.31224238872528076
([168], [184, 185]) 0.5765063166618347
([169], [186]) 0.748711884021759
([170], [187]) 0.3312152028083801
([171], [188, 189]) 0.27993106842041016
([172], [190]) 0.7566972374916077
([173], [191]) 0.6319926977157593
([174], [192]) 0.44464945793151855
([175], [193]) 0.4437866806983948
([176], [194]) 0.6410154104232788
([177], [195]) 0.3138448894023895
([178], [196]) 0.2747485935688019
([179], [197, 198]) 0.4756448566913605
([180], [199]) 0.3786884844303131
([181], [200]) 0.5742932558059692
([182], [201]) 0.42762160301208496
([183], [202]) 0.5643787384033203
([184], [203, 204]) 0.3402882218360901
([185], [205]) 0.7936211824417114
([186], [206]) 0.3736037313938141
([187], [207]) 0.32067009806632996
([188], [208]) 0.4161472022533417
([189], [209]) 0.5750454068183899
([190], [210]) 0.3727603256702423
([191], [211, 212]) 0.3718744218349457
([192], [213, 214]) 0.5467724204063416
([193], [215]) 0.52170330286026
([194], [216]) 0.3193401098251343
([195], [217]) 0.493588924407959
([196], [218]) 0.5429973006248474
([197], [219]) 0.7128980755805969
([198, 199, 200], [220]) 0.45602210362752277
([201], [221]) 0.6343141198158264
([202], [222, 223, 224]) 0.252064307530721
([203], [225]) 0.4075223207473755
([204], [226]) 0.3514877259731293
([205], [227, 228]) 0.5283563137054443
([206], [229]) 0.4631502032279968
([207], [230]) 0.41665783524513245
([208], [231]) 0.35524868965148926
([209], [232, 233]) 0.5501968860626221
([210], [234]) 0.3842698633670807
([211], [235]) 0.5973595380783081
([212], [236]) 0.5080574154853821
([213], [237]) 0.5061079859733582
([214], [238, 239]) 0.43994608521461487
([215], [240]) 0.18879354000091553
([216], [241]) 0.3449828624725342
([217], [242]) 0.31795310974121094
([218], [243]) 0.8195888996124268
([219], [244]) 0.5657960772514343
([220], [245]) 0.7267173528671265
([221], [246]) 0.758290708065033
([222], [247]) 0.4069690704345703
([223], [248]) 0.4805116057395935
([224], [249]) 0.4470563232898712
([225], [250]) 0.5587508082389832
([226], [251]) 0.5065880417823792
([227], [252]) 0.34907183051109314
([228], [253, 254]) 0.24631525576114655
([229], [255]) 0.4261488616466522
([230], [256, 257]) 0.45598194003105164
([231], [258]) 0.40503597259521484
([232, 233], [259]) 0.4746350944042206
([234, 235], [260]) 0.4552071690559387
([236, 237], [261]) 0.5217406749725342
([238], [262]) 0.490780770778656
([239], [263]) 0.42101752758026123
([240], [264]) 0.5210561752319336
([241], [265]) 0.24097520112991333
([242], [266]) 0.3623494803905487
([243], [267]) 0.4913308322429657
([244], [268]) 0.2131517231464386
([245, 246], [269]) 0.4121398329734802
([247], [270, 271]) 0.36511802673339844
([248], [272, 273]) 0.5646103024482727
([249], [274]) 0.5972290635108948
([250], [275]) 0.4653019607067108
([251], [276, 277]) 0.2840203642845154
([252], [278]) 0.34364041686058044
([253], [279, 280, 281]) 0.4811796347300212
([254], [282]) 0.5137408971786499
([255], [283]) 0.3439529836177826
([256], [284]) 0.464439332485199
([257], [285]) 0.47064054012298584
([258], [286, 287]) 0.3974866271018982
([259], [288]) 0.7588760256767273
([260], [289]) 0.39721447229385376
([261], [290]) 0.48976320028305054
([262], [291, 292]) 0.3592430353164673
([263], [293]) 0.8601958155632019
([264], [294, 295]) 0.49200770258903503
([265], [296]) 0.7852800488471985
([266], [297]) 0.6085978746414185
([267], [298]) 0.37852492928504944
([268], [299]) 0.17215703427791595
([269], [300, 301]) 0.4152214527130127
([270], [302]) 0.873201847076416
([271], [303]) 0.4229656755924225
([272], [304]) 0.381659597158432
([273], [305]) 0.4818258285522461
([274], [306]) 0.42688247561454773
([275], [307]) 0.5835396647453308
([276], [308, 309, 310]) 0.3368905385335286
([277], [311]) 0.5419631600379944
([278], [312]) 0.7498522996902466
([279], [313]) 0.4779556095600128
([280], [314]) 0.7539730072021484
([281], [315]) 0.5640527606010437
([282], [316]) 0.840493381023407
([283], [317]) 0.8168236613273621
([284], [318]) 0.47417885065078735
([285], [319]) 0.5330300331115723
([286], [320]) 0.39206886291503906
([287], [321]) 0.24773390591144562
([288], [322]) 0.308332234621048
([289], [323]) 0.49073922634124756
([290, 291], [324]) 0.3626260757446289
([292], [325]) 0.45528459548950195
([293], [326]) 0.5154067873954773
([294], [327]) 0.5137647986412048
([295], [328]) 0.4134365916252136
([296], [329]) 0.43171191215515137
([297], [330]) 0.4686807096004486
([298], [331]) 0.45887860655784607
([299], [332]) 0.5395985245704651
([300], [333, 334]) 0.6648017168045044
([301], [335]) 0.40566131472587585
([302], [336]) 0.4593398869037628
([303], [337]) 0.7098715901374817
([304], [338, 339]) 0.4713583290576935
([305], [340, 341]) 0.5260620713233948
([306], [342]) 0.4373972713947296
([307], [343, 344]) 0.47539281845092773
([308], [345]) 0.5353528261184692
([309], [346]) 0.4770490825176239
([310], [347]) 0.4818998873233795
([311, 312], [348]) 0.561595618724823
([313], [349]) 0.3923754096031189
([314], [350]) 0.30891546607017517
([315], [351]) 0.607732892036438
([316], [352]) 0.4810103476047516
([317], [353]) 0.555816113948822
([318], [354, 355, 356]) 0.3618564208348592
([319], [357]) 0.6708279252052307
([320], [358]) 0.5655365586280823
([321], [359]) 0.7837424278259277
([322], [360]) 0.43415501713752747
([323], [361]) 0.6078732013702393
([324], [362]) 0.5048399567604065
([325], [363]) 0.5430538654327393
([326], [364]) 0.3464287519454956
([327], [365]) 0.46213024854660034
([328], [366]) 0.20606732368469238
([329], [367, 368, 369]) 0.5206901629765829
([330], [370]) 0.4389515221118927
([331], [371]) 0.5983418226242065
([332], [372]) 0.5589486956596375
([333], [373]) 0.5046109557151794
([334], [374]) 0.49909868836402893
([335], [375]) 0.6510211229324341
([336], [376, 377]) 0.48914477229118347
([337], [378, 379]) 0.5404374003410339
([338], [380]) 0.5162713527679443
([339], [381]) 0.937984049320221
([340, 341], [382]) 0.38575366139411926
([342], [383]) 0.3522939383983612
([343], [384]) 0.3818349242210388
([344], [385]) 0.41733357310295105
([345], [386, 387]) 0.3350672125816345
([346], [388]) 0.5472785830497742
([347], [389]) 0.4663548767566681
([348], [390]) 0.3238198459148407
([349], [391]) 0.5093222260475159
([350], [392]) 0.47265997529029846
([351], [393]) 0.75153648853302
([352], [394]) 0.2212388515472412
([353], [395]) 0.377336323261261
([354], [396]) 0.7414209246635437
([355], [397]) 0.4807553291320801
([356], [398]) 0.3679613471031189
([357], [399]) 0.4897148013114929
([358], [400]) 0.4144049286842346
([359], [401, 402]) 0.6146899461746216
([360], [403]) 0.3922387659549713
([361], [404]) 0.3911821246147156
([362], [405]) 0.5024194717407227
([363], [406]) 0.5680642127990723
([364], [407]) 0.42267706990242004
([365], [408]) 0.37442660331726074
([366], [409, 410]) 0.4732649326324463
([367], [411]) 0.5990569591522217
([368], [412]) 0.4845755100250244
([369], [413]) 0.4181060492992401
([370], [414]) 0.3476761281490326
([371], [415]) 0.41566282510757446
([372], [416]) 0.41175100207328796
([373], [417, 418]) 0.2509176731109619
([374], [419]) 0.3042275309562683
([375], [420]) 0.44384580850601196
([376], [421]) 0.3607103228569031
([377], [422]) 0.3902145028114319
([378], [423]) 0.3030157685279846
([379], [424]) 0.3193040192127228
([380], [425]) 0.2319786101579666
([381], [426]) 0.617940366268158
([382], [427, 428, 429]) 0.4310712019602458
([383], [430]) 0.5258322358131409
([384], [431]) 0.4186503291130066
([385], [432]) 0.3663870394229889
([386], [433]) 0.5131638646125793
([387], [434, 435, 436, 437]) 0.4660068452358246
([388], [438]) 0.3638521134853363
([389], [439]) 0.4220910370349884
([390], [440]) 0.5255893468856812
([391], [441]) 0.5471871495246887
([392], [442]) 0.5635092258453369
([393], [443, 444]) 0.658068835735321
([394], [445]) 0.6096625328063965
([395], [446]) 0.21372200548648834
([396], [447]) 0.7912500500679016
([397], [448]) 0.6401683688163757
([398], [449]) 0.41616055369377136
([399], [450]) 0.5252061486244202
([400], [451]) 0.5541356205940247
([401], [452]) 0.4138745963573456
([402], [453]) 0.7639748454093933
([403], [454]) 0.6234863996505737
([404], [455]) 0.5581960082054138
([405], [456]) 0.4276988208293915
([406], [457]) 0.46385326981544495
([407, 408, 409], [458]) 0.3257788419723511
([410], [459]) 0.2956989109516144
([411], [460]) 0.6349769830703735
([412], [461]) 0.5195437669754028
([413], [462]) 0.5195824503898621
([414], [463]) 0.3630482256412506
([415], [464]) 0.36348584294319153
([416], [465]) 0.4155254065990448
([417], [466]) 0.4315168261528015
([418], [467, 468]) 0.488469660282135
([419], [469]) 0.3291444480419159
([420], [470]) 0.37320032715797424
([421, 422], [471]) 0.3982357978820801
([423], [472]) 0.698939859867096
([424], [473]) 0.26892879605293274
([425], [474]) 0.5323129892349243
([426], [475]) 0.4790443480014801
([427], [476]) 0.5089513063430786
([428], [477]) 0.6503632068634033
([429], [478]) 0.42202726006507874
([430], [479]) 0.3078348934650421
([431], [480]) 0.3816923499107361
([432], [481]) 0.3168995976448059
([433], [482, 483]) 0.388969361782074
([434], [484]) 0.6465563774108887
([435], [485]) 0.5941265225410461
([436], [486]) 0.5818814635276794
([437], [487]) 0.5922079682350159
([438], [488]) 0.34757691621780396
([439, 440], [489]) 0.2921907305717468
([441], [490]) 0.35589465498924255
([442], [491]) 0.6353910565376282
([443], [492]) 0.35480278730392456
([444], [493]) 0.3967626988887787
([445], [494]) 0.652885913848877
([446], [495]) 0.5333799123764038
([447], [496]) 0.5398781299591064
([448], [497]) 0.2819456160068512
([449], [498]) 0.3143834173679352
([450], [499]) 0.6010183095932007
([451], [500]) 0.2861315608024597
([452], [501]) 0.334870845079422
([453], [502]) 0.5533468127250671
([454], [503]) 0.48436686396598816
([455], [504]) 0.29450249671936035
([456], [505, 506]) 0.4651494026184082
([457], [507]) 0.36417052149772644
([458], [508]) 0.497769832611084
([459], [509]) 0.26006078720092773
([460], [510]) 0.27582937479019165
([461], [511]) 0.5163829922676086
([462], [512]) 0.18197904527187347
([463], [513, 514, 515]) 0.2805379033088684
([464], [516]) 0.9754217267036438
([465], [517]) 0.7708421349525452
([466], [518]) 0.36230501532554626
([467], [519]) 0.5316770672798157
([468], [520]) 0.39110836386680603
([469], [521, 522]) 0.5459206104278564
([470], [523]) 0.5950618982315063
([471], [524]) 0.3756384551525116
([472], [525]) 0.6053880453109741
([473], [526]) 0.3558838367462158
([474], [527]) 0.31417131423950195
([475], [528]) 0.49544045329093933
([476], [529]) 0.43670719861984253
([477], [530]) 0.8032462000846863
([478], [531, 532]) 0.2693210542201996
([479], [533]) 0.7061745524406433
([480], [534]) 0.520500659942627
([481], [535]) 0.6665953993797302
([482], [536]) 0.5080972909927368
([483], [537]) 0.5739942789077759
([484], [538]) 0.5435821413993835
([485], [539]) 0.5017181634902954
([486], [540]) 0.4927590787410736
([487], [541]) 0.3102509081363678
([488], [542]) 0.6305126547813416
([489], [543]) 0.34780099987983704
([490], [544, 545]) 0.4539763629436493
([491], [546]) 0.5317266583442688
([492], [547]) 0.3954172432422638
([493], [548]) 0.5449031591415405
([494, 495], [549]) 0.46763554215431213
([496], [550]) 0.5192612409591675
([497], [551]) 0.5371691584587097
([498, 499], [552]) 0.31634706258773804
([500], [553]) 0.5597086548805237
([501], [554, 555]) 0.4768534004688263
([502], [556]) 0.5722626447677612
([503, 504], [557]) 0.3769312798976898
([505], [558]) 0.5974876284599304
([506, 507], [559]) 0.35876795649528503
([508], [560]) 0.5425928831100464
([509], [561]) 0.45196861028671265
([510], [562]) 0.3726192116737366
([511], [563, 564]) 0.5767415761947632
([512], [565]) 0.5615038871765137
([513], [566, 567]) 0.46840426325798035
([514], [568]) 0.9269697666168213
([515], [569]) 0.3704070448875427
([516], [570]) 0.37438449263572693
([517], [571]) 0.43121039867401123
([518], [572]) 0.2993907034397125
([519], [573, 574]) 0.4314495623111725
([520], [575]) 0.44017744064331055
([521], [576, 577]) 0.5776206254959106
([522], [578, 579]) 0.5378500819206238
([523], [580]) 0.46274444460868835
([524], [581]) 0.7993448376655579
([525], [582]) 0.7545449733734131
([526], [583]) 0.6821092963218689
([527], [584]) 0.5232981443405151
([528], [585]) 0.424378901720047
([529], [586]) 0.3066664934158325
([530], [587, 588]) 0.4902515411376953
([531], [589]) 0.3118029236793518
([532], [590]) 0.4752068817615509
([533], [591]) 0.5217543244361877
([534], [592]) 0.4740833044052124
([535], [593]) 0.48111841082572937
([536, 537], [594]) 0.382120281457901
([538], [595]) 0.38746023178100586
([539], [596]) 0.2873620092868805
([540, 541], [597]) 0.3484840989112854
([542], [598]) 0.3932245075702667
([543], [599]) 0.34851717948913574
([544], [600]) 0.497383713722229
([545], [601]) 0.41798120737075806
([546], [602, 603]) 0.3831240236759186
([547], [604]) 0.6380475163459778
([548], [605]) 0.31024816632270813
([549], [606]) 0.5920258164405823
([550], [607]) 0.34853988885879517
([551], [608, 609]) 0.42646121978759766
([552], [610]) 0.4655417203903198
([553], [611]) 0.6337028741836548
([554], [612]) 0.5692978501319885
([555], [613]) 0.36044541001319885
([556], [614]) 0.4308486878871918
([557], [615]) 0.6163561344146729
([558], [616]) 0.3953302502632141
([559], [617]) 0.476670503616333
([560, 561], [618]) 0.5115230083465576
([562], [619]) 0.4597805142402649
([563], [620]) 0.3175204396247864
([564], [621]) 0.5293142199516296
([565], [622]) 0.9451003670692444
([566], [623]) 0.592282235622406
([567], [624]) 0.678405225276947
([568], [625]) 0.7030495405197144
([569], [626]) 0.7236736416816711
([570], [627]) 0.5986488461494446
([571, 572], [628]) 0.31798285245895386
([573], [629]) 0.9261046051979065
([574], [630, 631, 632]) 0.37024585405985516
([575], [633]) 0.7441101670265198
([576], [634]) 0.5012504458427429
([577], [635]) 0.42122048139572144
([578], [636]) 0.7276603579521179
([579], [637]) 0.7132298350334167
([580], [638]) 0.6474094390869141
([581], [639]) 0.4885927438735962
([582], [640]) 0.5372495651245117
([583], [641]) 0.5998286604881287
([584], [642]) 0.3850405812263489
([585], [643, 644]) 0.47371625900268555
([586], [645]) 0.7633789777755737
([587], [646]) 0.5140783786773682
([588], [647]) 0.6655049920082092
([589], [648]) 0.5177683234214783
([590], [649]) 0.6340165734291077
([591], [650]) 0.4664419889450073
([592], [651, 652]) 0.45628052949905396
([593], [653]) 0.4337208867073059
([594], [654]) 0.49141576886177063
([595], [655]) 0.6073978543281555
([596], [656, 657]) 0.4395146369934082
([597], [658, 659]) 0.5173085927963257
([598], [660]) 0.4692007303237915
([599], [661]) 0.7434003949165344
([600], [662]) 0.642380952835083
([601], [663, 664]) 0.3288629353046417
([602], [665]) 0.3091283440589905
([603], [666]) 0.44966942071914673
([604], [667]) 0.3958519399166107
([605], [668]) 0.4354431927204132
([606], [669]) 0.3513721525669098
([607], [670]) 0.4684830605983734
([608], [671]) 0.4151856601238251
([609], [672]) 0.38645869493484497
([610], [673, 674]) 0.3607288897037506
([611], [675]) 0.5021463632583618
([612], [676]) 0.29307934641838074
([613], [677]) 0.6232942342758179
([614], [678]) 0.35046738386154175
([615], [679]) 0.28539198637008667
([616], [680]) 0.46991556882858276
([617], [681]) 0.36155903339385986
([618], [682]) 0.36128243803977966
([619], [683]) 0.41072580218315125
([620], [684]) 0.4681149125099182
([621], [685]) 0.38924115896224976
([622], [686]) 0.31385713815689087
([623], [687]) 0.4673466384410858
([624], [688]) 0.7112732529640198
([625, 626], [689]) 0.3337392508983612
([627], [690]) 0.4243224561214447
([628], [691]) 0.4360564053058624
([629], [692]) 0.8178114891052246
([630], [693]) 0.5173251032829285
([631], [694]) 0.316074013710022
([632], [695]) 0.36667799949645996
([633], [696]) 0.5997232794761658
([634], [697]) 0.2748793661594391
([635], [698]) 0.32213929295539856
([636], [699, 700]) 0.1996278464794159
([637], [701]) 0.3615357577800751
([638], [702]) 0.5049453377723694
([639], [703]) 0.44498100876808167
([640], [704]) 0.917702317237854
([641, 642, 643], [705]) 0.25846044222513836
([644, 645], [706]) 0.382929265499115
([646], [707]) 0.35664382576942444
([647], [708]) 0.47276508808135986
([648], [709, 710, 711]) 0.4415273269017537
([649], [712]) 0.22716377675533295
([650], [713]) 0.418857604265213
([651], [714]) 0.5101824402809143
([652, 653, 654], [715]) 0.4929102659225464
([655], [716]) 0.48078855872154236
([656], [717]) 0.518593966960907
([657], [718]) 0.36549872159957886
([658], [719, 720]) 0.3621617257595062
([659], [721]) 0.49113690853118896
([660], [722]) 0.6365358829498291
([661], [723, 724, 725]) 0.4488563934961955
([662], [726]) 0.394574373960495
([663, 664], [727]) 0.3748200237751007
([665], [728]) 0.44459646940231323
([666], [729]) 0.3628681004047394
([667], [730]) 0.47147926688194275
([668], [731]) 0.4701366722583771
([669], [732]) 0.36377304792404175
([670], [733]) 0.6354549527168274
([671], [734]) 0.3004516363143921
([672], [735]) 0.2644985020160675
([673], [736]) 0.28516635298728943
([674], [737]) 0.29510873556137085
([675], [738]) 0.5146019458770752
([676], [739]) 0.7238895893096924
([677], [740, 741]) 0.5338128209114075
([678], [742]) 0.32073310017585754
([679], [743]) 0.3439676761627197
([680, 681], [744]) 0.5409690737724304
