([0], [0]) 0.2842956781387329
([1], [1]) 0.5396695733070374
([2], [2, 3]) 0.3223752975463867
([3], [4]) 0.6771986484527588
([4], [5]) 0.45132574439048767
([5, 6, 7], [6]) 0.275078813234965
([8], [7]) 0.370909184217453
([9], [8]) 0.549594521522522
([10], [9, 10]) 0.2673986554145813
([11], [11]) 0.580974817276001
([12, 13, 14], [12]) 0.3742993672688802
([15], [13]) 0.35173115134239197
([16], [14, 15]) 0.4620174169540405
([17], [16]) 0.414506196975708
([18], [17]) 0.701292872428894
([19], [18]) 0.6083331108093262
([20], [19]) 0.5119183659553528
([21], [20]) 0.6536201238632202
([22], [21, 22]) 0.6750888228416443
([23], [23, 24]) 0.4621233642101288
([24], [25]) 0.899223804473877
([25], [26]) 0.3684064745903015
([26], [27]) 0.5521354675292969
([27], [28]) 0.5608806014060974
([28], [29]) 0.7766668796539307
([29], [30]) 0.9144784808158875
([30], [31]) 0.3595849275588989
([31], [32]) 0.5557845234870911
([32], [33]) 0.45093774795532227
([33], [34, 35]) 0.5090718269348145
([34], [36]) 0.3330300450325012
([35], [37]) 0.5501123070716858
([36, 37], [38]) 0.3483586311340332
([38], [39]) 0.46807390451431274
([39], [40, 41]) 0.24763751029968262
([40], [42, 43, 44, 45]) 0.36887574195861816
([41], [46]) 1.0605543851852417
([42], [47]) 0.893623411655426
([43], [48]) 0.30625009536743164
([44], [49, 50]) 0.4356837868690491
([45], [51]) 0.5751482248306274
([46], [52, 53]) 0.410989373922348
([47], [54]) 0.4688825011253357
([48], [55]) 0.621139645576477
([49], [56, 57]) 0.46407952904701233
([50], [58]) 0.4643534719944
([51], [59]) 0.4285386800765991
([52], [60, 61, 62]) 0.47612802187601727
([53], [63]) 0.8676279187202454
([54], [64, 65]) 0.6357234120368958
([55], [66]) 0.4220854640007019
([56], [67]) 0.40590721368789673
([57], [68]) 0.40396130084991455
([58], [69]) 0.4392121136188507
([59], [70]) 0.5996894240379333
([60], [71]) 0.5718808174133301
([61], [72]) 0.44220060110092163
([62], [73]) 0.5253429412841797
([63, 64], [74]) 0.4801228940486908
([65], [75]) 0.703833818435669
([66], [76, 77]) 0.42726054787635803
([67], [78]) 0.8639072775840759
([68], [79, 80]) 0.4027887284755707
([69], [81, 82]) 0.46208688616752625
([70], [83, 84]) 0.5503348708152771
([71], [85]) 0.508289635181427
([72], [86]) 0.4889978766441345
([73, 74], [87]) 0.3095809519290924
([75], [88]) 0.5825760960578918
([76], [89]) 0.43275532126426697
([77], [90]) 0.36096036434173584
([78], [91]) 0.31484049558639526
([79], [92]) 0.36719173192977905
([80], [93]) 0.42886126041412354
([81], [94]) 0.3412037193775177
([82], [95]) 0.5218713283538818
([83], [96]) 0.33401763439178467
([84], [97, 98]) 0.4580702483654022
([85], [99, 100]) 0.43239396810531616
([86], [101]) 0.6026257276535034
([87, 88], [102]) 0.5227759480476379
([89], [103]) 0.37356263399124146
([90], [104]) 0.4578743875026703
([91], [105, 106]) 0.39316046237945557
([92], [107]) 0.5020031332969666
([93], [108, 109, 110]) 0.551000197728475
([94], [111]) 0.5518079400062561
([95], [112, 113]) 0.41250079870224
([96], [114]) 0.657069206237793
([97], [115]) 0.4986017644405365
([98], [116]) 0.480923593044281
([99], [117]) 0.4203229546546936
([100], [118]) 0.46183887124061584
([101], [119]) 0.48594310879707336
([102], [120, 121]) 0.41303491592407227
([103], [122]) 0.6939572095870972
([104], [123, 124]) 0.49517595767974854
([105, 106], [125]) 0.22883467376232147
([107], [126]) 0.6673121452331543
([108], [127, 128]) 0.5318827033042908
([109], [129]) 0.45537513494491577
([110], [130]) 0.49211883544921875
([111], [131]) 0.5206093192100525
([112], [132]) 0.3512219786643982
([113], [133]) 0.4075351357460022
([114], [134]) 0.5607075691223145
([115], [135]) 0.3873472809791565
([116], [136]) 0.6996738314628601
([117], [137]) 0.3737204968929291
([118], [138, 139]) 0.5257761478424072
([119], [140]) 0.28693386912345886
([120], [141]) 0.44203561544418335
([121], [142, 143, 144]) 0.35062352816263836
([122], [145, 146]) 0.6105380654335022
([123], [147, 148]) 0.4177979528903961
([124], [149]) 0.7749353051185608
([125], [150]) 0.42083749175071716
([126], [151, 152]) 0.5176380276679993
([127], [153, 154]) 0.29396262764930725
([128], [155, 156]) 0.6009684801101685
([129], [157, 158]) 0.7114081382751465
([130], [159]) 0.7445767521858215
([131], [160]) 0.3309238851070404
([132], [161]) 0.6092656254768372
([133], [162]) 0.4780229330062866
([134], [163, 164]) 0.460292249917984
([135], [165]) 0.2810618579387665
([136], [166]) 0.49564608931541443
([137], [167]) 0.4769308269023895
([138], [168]) 0.4586232304573059
([139], [169, 170, 171]) 0.4499903122584025
([140], [172]) 0.5246885418891907
([141], [173]) 0.48070019483566284
([142], [174]) 0.4520491361618042
([143], [175]) 0.4511707127094269
([144], [176]) 0.45199844241142273
([145], [177]) 0.4275360107421875
([146], [178]) 0.4591897428035736
([147], [179, 180]) 0.44369447231292725
([148], [181, 182]) 0.5161880850791931
([149], [183]) 0.5451218485832214
([150], [184]) 0.7880828380584717
([151], [185]) 0.4665316343307495
([152], [186]) 0.6166569590568542
([153], [187]) 0.495817631483078
([154], [188]) 0.7692509293556213
([155], [189]) 0.3605826199054718
([156], [190, 191]) 0.7693039774894714
([157], [192, 193]) 0.44523414969444275
([158], [194]) 0.4975639283657074
([159], [195]) 0.6315939426422119
([160], [196]) 0.4265110194683075
([161], [197, 198]) 0.38966402411460876
([162], [199]) 0.43961355090141296
([163], [200]) 0.5483272075653076
([164], [201]) 0.6168076992034912
([165], [202, 203]) 0.4426986873149872
([166], [204]) 0.48318132758140564
([167], [205]) 0.483193963766098
([168], [206, 207]) 0.45584794878959656
([169], [208]) 0.7414951324462891
([170], [209, 210, 211]) 0.47587045033772785
([171], [212]) 0.5679134130477905
([172], [213]) 0.7973161935806274
([173], [214]) 0.324085533618927
([174], [215, 216, 217]) 0.7395025094350179
([175], [218]) 0.7255998849868774
([176], [219]) 0.6054475903511047
([177], [220]) 0.5640047192573547
([178, 179], [221]) 0.5261781215667725
([180], [222]) 0.451128214597702
([181], [223]) 0.4567857086658478
([182], [224, 225]) 0.5751122236251831
([183], [226]) 0.5069427490234375
([184], [227]) 0.43543848395347595
([185], [228]) 0.46841925382614136
([186], [229, 230, 231]) 0.5289974212646484
([187], [232]) 0.7167551517486572
([188], [233, 234]) 0.4716845452785492
([189], [235]) 0.5759166479110718
([190], [236]) 0.614892840385437
([191], [237]) 0.5977680683135986
([192], [238, 239]) 0.5504703521728516
([193], [240]) 0.4654562771320343
([194, 195, 196], [241]) 0.4318188826243083
([197], [242]) 0.5481829047203064
([198], [243]) 0.4464041590690613
([199], [244, 245, 246]) 0.508293867111206
([200], [247]) 0.4168207049369812
([201], [248]) 0.4012943506240845
([202], [249, 250]) 0.5034080743789673
([203], [251]) 0.5034953355789185
([204], [252]) 0.5710952281951904
([205], [253]) 0.6429505348205566
([206], [254]) 0.4954261779785156
([207], [255]) 0.39525535702705383
([208], [256, 257]) 0.5191401839256287
([209], [258]) 0.4879506528377533
([210], [259]) 0.40619245171546936
([211], [260]) 0.4589836001396179
([212], [261]) 0.49027588963508606
([213], [262]) 0.8125054240226746
([214], [263, 264]) 0.6092714667320251
([215], [265]) 0.6431488990783691
([216], [266]) 0.5208287239074707
([217], [267]) 0.718207061290741
([218], [268]) 0.43025168776512146
([219, 220, 221, 222], [269]) 0.3923061192035675
([223], [270]) 0.42781099677085876
([224], [271]) 0.4535098969936371
([225], [272, 273, 274]) 0.47896480560302734
([226], [275, 276]) 0.49659594893455505
([227], [277]) 0.806496262550354
([228], [278]) 0.5737132430076599
([229], [279]) 0.6528624892234802
([230], [280]) 0.4992918074131012
([231], [281, 282]) 0.6362595558166504
([232], [283]) 0.8667195439338684
([233], [284, 285]) 0.5932029485702515
([234], [286]) 0.5236568450927734
([235], [287, 288]) 0.6208348274230957
([236], [289]) 0.5860612988471985
([237], [290]) 0.3378360867500305
([238], [291]) 0.5097355246543884
([239, 240, 241], [292]) 0.42808671792348224
([242], [293, 294, 295]) 0.4275666872660319
([243], [296]) 0.8257318139076233
([244], [297]) 0.7016311883926392
([245], [298, 299]) 0.5632795691490173
([246], [300, 301]) 0.6051512360572815
([247], [302, 303]) 0.6054168939590454
([248], [304]) 0.7616090178489685
([249], [305]) 0.5167874693870544
([250], [306]) 0.4685555398464203
([251], [307]) 0.6463924646377563
([252], [308]) 1.0664564371109009
([253], [309]) 0.5986952185630798
([254], [310]) 0.4570219814777374
([255], [311]) 0.6358426809310913
([256], [312, 313]) 0.4650137424468994
([257], [314]) 0.4717968702316284
([258], [315]) 0.35436782240867615
([259], [316]) 0.7137669920921326
([260], [317]) 0.47947201132774353
([261], [318, 319]) 0.5021772980690002
([262], [320]) 0.5696343183517456
([263], [321, 322, 323]) 0.4887227217356364
([264], [324]) 0.5588690042495728
([265], [325]) 0.699023962020874
([266], [326]) 0.5713405013084412
([267], [327]) 0.5318942666053772
([268], [328]) 0.6419640183448792
([269], [329]) 0.3049498200416565
([270, 271], [330]) 0.37299644947052
([272], [331]) 0.45783889293670654
([273], [332, 333]) 0.4536949098110199
([274], [334]) 0.46276548504829407
([275], [335]) 0.6196494698524475
([276], [336]) 0.49578148126602173
([277], [337, 338]) 0.503957986831665
([278], [339, 340]) 0.4411499500274658
([279], [341]) 0.6354620456695557
([280], [342, 343]) 0.5144265294075012
([281, 282], [344]) 0.5458539128303528
([283], [345]) 0.4868277907371521
([284], [346, 347, 348]) 0.6122231880823771
([285], [349, 350]) 0.43649330735206604
([286], [351]) 0.45889580249786377
([287], [352]) 0.4291558861732483
([288], [353]) 0.6024768948554993
([289], [354]) 0.7215845584869385
([290], [355]) 0.5098720788955688
([291], [356]) 0.6560642123222351
([292], [357, 358]) 0.6061521172523499
([293, 294], [359]) 0.49545758962631226
([295], [360, 361]) 0.698813796043396
([296], [362]) 0.5895556211471558
([297], [363, 364]) 0.4861270785331726
([298], [365]) 0.5908950567245483
([299], [366]) 0.5881667733192444
([300], [367]) 0.6030780076980591
([301, 302], [368]) 0.5519469380378723
([303], [369]) 1.010737419128418
([304], [370]) 0.6475302577018738
([305], [371]) 0.7064630389213562
([306], [372, 373]) 0.4714614748954773
([307], [374]) 0.3466736972332001
([308], [375]) 0.659525454044342
([309], [376]) 0.46199482679367065
([310], [377]) 0.39231571555137634
([311], [378, 379]) 0.5038647651672363
([312], [380]) 0.6468872427940369
([313], [381]) 0.70240318775177
([314], [382, 383]) 0.4538494646549225
([315], [384, 385, 386]) 0.44931523005167645
([316], [387, 388, 389, 390]) 0.42741507291793823
([317], [391]) 0.3202795088291168
([318], [392, 393]) 0.45567598938941956
([319], [394]) 0.7797331809997559
([320], [395, 396]) 0.610009491443634
([321], [397]) 0.5593922734260559
([322], [398]) 0.3696383535861969
([323], [399]) 0.4747034013271332
([324], [400, 401]) 0.4580289125442505
([325], [402, 403]) 0.2671000063419342
([326], [404]) 0.6260978579521179
([327], [405, 406]) 0.556982159614563
([328], [407]) 0.5821002721786499
([329], [408]) 0.7379254102706909
([330], [409]) 0.49000877141952515
([331], [410, 411]) 0.31640535593032837
([332], [412]) 0.21536727249622345
([333], [413]) 0.43992945551872253
([334], [414]) 0.5904678702354431
([335], [415]) 0.4638248682022095
([336], [416]) 0.49296608567237854
([337], [417]) 0.576704204082489
([338], [418]) 0.6380393505096436
([339], [419]) 0.39889997243881226
([340], [420]) 0.5481564402580261
([341], [421]) 0.6488280892372131
([342], [422, 423, 424]) 0.6063868602116903
([343], [425]) 0.39303362369537354
([344], [426]) 0.6625187993049622
([345], [427]) 0.4814513027667999
([346], [428]) 0.434434175491333
([347], [429]) 0.3295159339904785
([348], [430]) 0.43525221943855286
([349], [431, 432]) 0.4696088433265686
([350], [433, 434]) 0.6107654571533203
([351], [435]) 0.3319171667098999
([352], [436]) 0.324413537979126
([353], [437]) 0.3330749273300171
([354], [438]) 0.48512205481529236
([355], [439, 440]) 0.3749549388885498
([356], [441, 442]) 0.4681073725223541
([357], [443]) 0.31095317006111145
([358], [444]) 0.7101678848266602
([359], [445]) 0.4291045069694519
([360], [446]) 0.5880645513534546
([361], [447]) 0.469526082277298
([362], [448]) 0.6043714880943298
([363], [449, 450, 451]) 0.5563234885533651
([364], [452]) 0.3880453407764435
([365], [453]) 0.5885891914367676
([366], [454]) 0.32565799355506897
([367], [455]) 0.5002210140228271
([368], [456]) 0.3295310139656067
([369], [457, 458]) 0.38194456696510315
([370], [459, 460, 461]) 0.47565126419067383
([371], [462, 463]) 0.34349897503852844
([372], [464]) 0.6912753582000732
([373], [465]) 0.4656701982021332
([374], [466, 467]) 0.4609411954879761
([375], [468]) 0.6361355185508728
([376], [469]) 0.44451698660850525
([377], [470]) 0.4856985807418823
([378], [471, 472, 473, 474]) 0.5395510792732239
([379], [475]) 0.9190778732299805
([380], [476]) 0.5969638228416443
([381], [477]) 0.6560995578765869
([382], [478]) 0.5080804228782654
([383], [479]) 0.4792671501636505
([384], [480, 481]) 0.574077844619751
([385], [482]) 0.5093883275985718
([386], [483]) 0.539456307888031
([387], [484]) 0.7140436172485352
([388], [485, 486]) 0.4827479422092438
([389], [487]) 0.5361645817756653
([390], [488]) 0.7332261204719543
([391], [489]) 0.8350103497505188
([392], [490, 491]) 0.5580748915672302
([393], [492, 493]) 0.3378944396972656
([394], [494, 495, 496]) 0.5690444310506185
([395], [497]) 0.6026085615158081
([396], [498]) 0.5864220857620239
([397], [499]) 0.5276849269866943
([398], [500]) 0.884531557559967
([399], [501]) 0.8625421524047852
([400], [502, 503]) 0.38024598360061646
([401], [504]) 0.5021447539329529
([402], [505]) 0.3154677748680115
([403], [506]) 0.7249300479888916
([404], [507, 508]) 0.4624929130077362
([405], [509]) 0.6089110374450684
([406], [510]) 0.6009784936904907
([407], [511]) 0.444400429725647
([408], [512]) 0.6150332689285278
([409], [513]) 0.5550885796546936
([410], [514]) 0.6119782328605652
([411], [515]) 0.7031146287918091
([412], [516, 517]) 0.5796033143997192
([413], [518]) 0.8809736967086792
([414], [519]) 0.5531179904937744
([415], [520]) 0.8103206157684326
([416], [521]) 0.4107326567173004
([417], [522]) 0.7195125818252563
([418], [523]) 0.6264879703521729
([419], [524]) 0.6444165110588074
([420], [525, 526]) 0.4049852192401886
([421], [527]) 0.5956560969352722
([422], [528]) 0.4546128213405609
([423], [529]) 0.4159916043281555
([424], [530]) 0.7407180070877075
([425], [531, 532]) 0.45831185579299927
([426], [533, 534]) 0.4348658323287964
([427], [535]) 0.8279039263725281
([428], [536, 537]) 0.5219220519065857
([429], [538, 539]) 0.7375599145889282
([430], [540]) 0.5066208243370056
([431], [541]) 0.4695262014865875
([432], [542]) 0.6976953744888306
([433], [543]) 0.4718848168849945
([434], [544, 545]) 0.4515622854232788
([435], [546]) 0.5511599779129028
([436], [547, 548]) 0.43586084246635437
([437], [549]) 0.37748706340789795
([438], [550]) 0.4727950692176819
([439], [551, 552]) 0.6289916634559631
([440], [553]) 0.7823780179023743
([441], [554]) 0.5120702981948853
([442], [555]) 0.47183671593666077
([443], [556]) 0.6302366256713867
([444], [557]) 0.669492244720459
([445], [558]) 0.8221360445022583
([446], [559]) 0.3772353231906891
([447], [560]) 0.6756138801574707
([448], [561]) 0.4291643798351288
([449], [562]) 0.45836126804351807
([450], [563, 564]) 0.6773499250411987
([451], [565, 566]) 0.4833771884441376
([452], [567]) 0.5777451395988464
([453], [568]) 0.36132150888442993
([454], [569, 570]) 0.4781825840473175
([455], [571, 572, 573]) 0.49405399958292645
([456], [574]) 0.4270305931568146
([457], [575, 576]) 0.5574182868003845
([458], [577]) 0.6053719520568848
([459], [578]) 0.5967307090759277
([460], [579]) 0.4153984785079956
([461], [580]) 0.49741479754447937
([462], [581]) 0.5651857852935791
([463], [582]) 0.6861326098442078
([464], [583]) 0.521257758140564
([465, 466, 467], [584]) 0.42650850613911945
([468], [585]) 0.6092507839202881
([469], [586]) 0.9195493459701538
([470], [587]) 0.49988171458244324
([471], [588, 589]) 0.5540201663970947
([472], [590]) 0.5620369911193848
([473], [591]) 0.7299808263778687
([474], [592, 593]) 0.43145275115966797
([475], [594]) 0.6056575179100037
([476], [595]) 0.7428792119026184
([477], [596]) 0.5612438917160034
([478], [597]) 0.6332937479019165
([479], [598]) 0.4678882956504822
([480], [599]) 0.5709937214851379
([481], [600]) 0.5244367718696594
([482], [601, 602]) 0.4440516233444214
([483], [603, 604]) 0.7210997343063354
([484], [605]) 0.6541168689727783
([485], [606]) 0.3497028052806854
([486], [607]) 0.6723858118057251
([487], [608]) 0.4845588803291321
([488], [609]) 0.5120833516120911
([489], [610, 611]) 0.3855201303958893
([490], [612]) 0.6773946285247803
([491], [613, 614]) 0.5528194308280945
([492], [615, 616, 617]) 0.5634065469106039
([493], [618, 619, 620, 621, 622]) 0.40664105415344237
([494], [623]) 0.7058090567588806
([495], [624]) 0.5594974756240845
([496], [625]) 0.6516337394714355
([497], [626, 627]) 0.5908210873603821
([498], [628, 629]) 0.6664793491363525
([499], [630]) 0.338590532541275
([500], [631]) 0.3409712314605713
([501], [632]) 0.40209105610847473
([502], [633]) 0.42821475863456726
([503], [634]) 0.48758411407470703
([504], [635]) 0.6744588613510132
([505], [636]) 0.6029234528541565
([506], [637]) 0.4237772822380066
([507], [638]) 0.6037490963935852
([508], [639]) 0.7468405961990356
([509], [640]) 0.40340110659599304
([510], [641]) 0.44155141711235046
([511], [642]) 0.3306640386581421
([512], [643]) 0.3649570345878601
([513], [644]) 0.4904308617115021
([514], [645]) 0.4409927427768707
([515], [646]) 0.6721363067626953
([516], [647]) 0.4187796115875244
([517], [648]) 0.7005833983421326
([518], [649, 650]) 0.5223744511604309
([519], [651, 652]) 0.4336385428905487
([520], [653]) 0.5667527914047241
([521], [654]) 0.585716962814331
([522], [655, 656]) 0.5242493748664856
([523], [657, 658]) 0.47583404183387756
([524], [659, 660]) 0.5228562951087952
([525], [661]) 0.5715945959091187
([526], [662]) 0.6984893679618835
([527], [663]) 0.4787956476211548
([528], [664]) 0.48894280195236206
([529], [665]) 0.5022371411323547
([530], [666]) 0.3929654359817505
([531], [667]) 0.5176124572753906
([532], [668]) 0.5987415313720703
([533], [669]) 0.6768221855163574
([534], [670, 671]) 0.584999680519104
([535], [672]) 0.9116276502609253
([536], [673]) 0.4313366711139679
([537], [674]) 0.5575677752494812
([538], [675, 676]) 0.7273188829421997
([539], [677]) 0.4589110314846039
([540], [678]) 0.6508686542510986
([541], [679]) 0.6101745963096619
([542], [680]) 0.7434042692184448
([543], [681]) 0.48776257038116455
([544], [682]) 0.550147533416748
([545], [683]) 0.439613938331604
([546], [684]) 0.36013510823249817
([547], [685]) 0.5043232440948486
([548], [686]) 0.521065354347229
([549], [687]) 0.5294635891914368
([550], [688, 689, 690, 691, 692]) 0.29930193424224855
([551], [693]) 0.4997195601463318
([552], [694, 695]) 0.5033854842185974
([553], [696]) 0.38245880603790283
([554], [697]) 0.3903573453426361
([555], [698]) 0.30854150652885437
([556], [699]) 0.48370224237442017
([557], [700]) 0.39561396837234497
([558], [701]) 0.5519987940788269
([559], [702]) 0.6324133276939392
([560], [703, 704]) 0.3964342176914215
([561], [705]) 0.4943224787712097
([562], [706, 707]) 0.527208685874939
([563], [708]) 0.35258278250694275
([564], [709]) 0.39297792315483093
([565], [710]) 0.8272728323936462
([566], [711]) 0.6954377889633179
([567], [712]) 0.4574175775051117
([568], [713, 714]) 0.4142455756664276
([569], [715]) 0.5338262915611267
([570], [716]) 0.461790531873703
([571], [717]) 0.43266749382019043
([572], [718]) 0.617255687713623
([573, 574], [719]) 0.3857690691947937
([575], [720]) 0.6167057752609253
([576], [721]) 0.4715299606323242
([577], [722, 723, 724, 725]) 0.355648934841156
([578], [726]) 0.7131762504577637
([579], [727]) 0.4728979766368866
([580], [728]) 0.5152277946472168
([581], [729, 730]) 0.5807408690452576
([582], [731]) 0.6634551286697388
([583], [732]) 0.43213334679603577
([584], [733]) 0.4086453914642334
([585], [734, 735]) 0.5831947326660156
([586], [736]) 0.739801287651062
([587], [737]) 0.6368621587753296
([588], [738]) 0.4474833905696869
([589], [739, 740, 741]) 0.5165529251098633
([590], [742]) 0.7468489408493042
([591], [743]) 0.7292235493659973
([592], [744]) 0.8917994499206543
([593], [745]) 0.39980873465538025
([594], [746]) 0.32484254240989685
([595], [747]) 0.4954982399940491
([596, 597, 598, 599, 600], [748]) 0.5092498302459717
([601], [749]) 0.6185353994369507
([602], [750]) 0.603914201259613
([603], [751]) 0.39814117550849915
([604], [752]) 0.5172500610351562
([605], [753, 754]) 0.4830230176448822
([606], [755]) 0.43849197030067444
([607], [756]) 0.6371074914932251
([608], [757]) 0.4125678539276123
([609], [758]) 0.36096620559692383
([610], [759]) 0.4460458755493164
([611], [760]) 0.3804358243942261
([612], [761, 762]) 0.6786417961120605
([613], [763]) 0.5411081314086914
([614], [764]) 0.4388217329978943
([615], [765]) 0.4293714165687561
([616], [766, 767]) 0.5811619162559509
([617], [768]) 0.5769465565681458
([618], [769]) 0.40204617381095886
([619], [770]) 0.5291954874992371
([620], [771, 772]) 0.7138696312904358
([621], [773, 774]) 0.5248396992683411
([622], [775, 776]) 0.48107337951660156
([623], [777]) 0.6922399401664734
([624], [778]) 0.6004475355148315
([625], [779, 780]) 0.32930710911750793
([626], [781]) 0.4503539502620697
([627], [782]) 0.7418733239173889
([628], [783]) 0.41512688994407654
([629], [784, 785]) 0.5768898129463196
([630], [786]) 0.2517997920513153
([631], [787]) 0.6026822328567505
([632], [788, 789]) 0.5086766481399536
([633], [790, 791]) 0.46572166681289673
([634], [792]) 0.49633926153182983
([635], [793]) 0.5726707577705383
([636], [794, 795]) 0.44984495639801025
([637], [796]) 0.45591363310813904
([638], [797]) 0.6480875015258789
([639], [798, 799]) 0.5743230581283569
([640], [800, 801]) 0.5053387880325317
([641], [802]) 0.7043085098266602
([642], [803]) 0.6102996468544006
([643], [804, 805, 806, 807]) 0.441448837518692
([644], [808, 809]) 0.3980376124382019
([645], [810, 811]) 0.4549916386604309
([646], [812]) 0.682684063911438
([647], [813, 814, 815]) 0.39403847853342694
([648], [816]) 0.8053098320960999
([649], [817]) 0.5811529755592346
([650], [818, 819]) 0.7441779971122742
([651], [820]) 0.5537555813789368
([652], [821]) 0.5207756757736206
([653], [822]) 0.7130630612373352
([654], [823]) 0.5391044616699219
([655], [824]) 0.6784761548042297
([656], [825, 826, 827]) 0.40750451882680255
([657], [828]) 0.5490209460258484
([658], [829]) 0.515088677406311
([659], [830]) 0.3919009566307068
([660], [831]) 0.3483833968639374
([661], [832]) 0.7490891218185425
([662], [833, 834]) 0.6309477090835571
([663], [835, 836]) 0.4039296507835388
([664], [837]) 0.8592447638511658
([665], [838, 839]) 0.522819995880127
([666], [840]) 0.25723913311958313
([667], [841, 842]) 0.45794111490249634
([668], [843]) 0.6049410104751587
([669], [844]) 0.43468305468559265
([670], [845, 846]) 0.5147217512130737
([671], [847, 848]) 0.276896208524704
([672], [849]) 0.500481903553009
([673], [850]) 0.39006829261779785
([674], [851]) 0.4012281000614166
([675], [852]) 0.39432016015052795
([676], [853]) 0.46226218342781067
([677], [854, 855]) 0.29141512513160706
([678], [856, 857]) 0.3883134722709656
([679], [858]) 0.31149712204933167
([680], [859]) 0.3859356939792633
([681], [860]) 0.45951709151268005
([682], [861]) 0.4674023687839508
([683], [862]) 0.5735204815864563
([684], [863]) 0.5291032791137695
([685], [864]) 0.6093193888664246
([686], [865]) 0.6242360472679138
([687], [866]) 0.34238967299461365
([688], [867]) 0.3229523003101349
([689], [868, 869]) 0.5362316370010376
([690], [870]) 0.5060526728630066
([691], [871]) 0.5967876315116882
([692], [872]) 0.7347943186759949
([693], [873, 874]) 0.4916704297065735
([694], [875]) 0.6175149083137512
([695], [876]) 0.515990138053894
([696, 697], [877]) 0.5760724544525146
([698], [878]) 0.40550851821899414
([699], [879]) 0.4801429510116577
([700], [880]) 0.4519031345844269
([701], [881]) 0.785563588142395
([702], [882, 883]) 0.5083850026130676
([703], [884]) 0.5005559921264648
([704], [885, 886]) 0.5603564977645874
([705, 706], [887]) 0.6333063244819641
([707], [888, 889]) 0.5757015943527222
([708], [890]) 0.4666537940502167
([709], [891]) 0.47048017382621765
([710], [892]) 0.8106892704963684
([711], [893, 894]) 0.657421350479126
([712], [895]) 0.6330574154853821
([713], [896]) 0.36311566829681396
([714], [897]) 0.43414562940597534
([715], [898, 899]) 0.5223650336265564
([716], [900]) 0.9239535331726074
([717], [901]) 0.6623413562774658
([718], [902]) 0.42438098788261414
([719], [903, 904]) 0.45321163535118103
([720], [905]) 0.6354309320449829
([721], [906]) 0.4657369554042816
([722], [907, 908]) 0.5071014165878296
([723], [909]) 0.3103969097137451
([724], [910]) 0.4439590573310852
([725], [911, 912]) 0.5209113359451294
([726], [913, 914]) 0.5368760228157043
([727], [915]) 0.7215560078620911
([728], [916]) 0.5614809989929199
([729], [917]) 0.31734105944633484
([730], [918]) 0.4793407618999481
([731], [919]) 0.44946518540382385
([732], [920, 921]) 0.8395844101905823
([733, 734], [922]) 0.4724262058734894
([735], [923, 924]) 0.5413384437561035
([736], [925]) 0.5508816838264465
([737], [926]) 0.39450299739837646
([738], [927, 928]) 0.5138186812400818
([739], [929, 930]) 0.5698232650756836
([740], [931]) 0.666588544845581
([741], [932]) 0.45813676714897156
([742, 743], [933]) 0.4373117983341217
