([0], [0]) 0.40573298931121826
([1, 2], [1]) 0.28495585918426514
([3], [2]) 0.5595428943634033
([4], [3]) 0.34946608543395996
([5], [4]) 0.44783100485801697
([6], [5]) 0.37234872579574585
([7], [6]) 0.4454534351825714
([8], [7]) 0.9098401069641113
([9], [8]) 0.6857074499130249
([10], [9]) 0.43667274713516235
([11], [10]) 0.5574681758880615
([12], [11]) 0.3862510621547699
([13], [12]) 0.37090981006622314
([14], [13]) 0.5158835649490356
([15], [14]) 0.24970237910747528
([16], [15]) 0.40849947929382324
([17], [16]) 0.5335501432418823
([18, 19], [17]) 0.4338219463825226
([20, 21], [18]) 0.421833336353302
([22], [19]) 0.4373035132884979
([23], [20]) 0.49234625697135925
([24, 25], [21]) 0.32712799310684204
([26], [22]) 0.3872775733470917
([27, 28], [23]) 0.2638099491596222
([29, 30], [24]) 0.2148880660533905
([31], [25]) 0.49779701232910156
([32], [26]) 0.4800691306591034
([33], [27, 28]) 0.24070268869400024
([34], [29]) 0.4701690077781677
([35], [30]) 0.2220083475112915
([36, 37], [31]) 0.32146936655044556
([38], [32]) 0.3434779644012451
([39], [33]) 0.599960207939148
([40, 41], [34]) 0.4643058478832245
([42, 43], [35]) 0.26803258061408997
([44], [36]) 0.4822549819946289
([45], [37]) 0.7135895490646362
([46, 47], [38]) 0.49704593420028687
([48], [39]) 0.3982326090335846
([49, 50], [40]) 0.3982656002044678
([51], [41]) 0.3017779290676117
([52], [42]) 0.4318583607673645
([53], [43]) 0.32669657468795776
([54], [44]) 0.4786323606967926
([55], [45]) 0.46776437759399414
([56], [46]) 0.3825001120567322
([57], [47]) 0.4347441792488098
([58], [48]) 0.5362574458122253
([59], [49]) 0.4949064552783966
([60], [50]) 0.27893608808517456
([61, 62], [51]) 0.26063570380210876
([63, 64], [52]) 0.31206247210502625
([65], [53]) 0.549430787563324
([66], [54]) 0.5347789525985718
([67], [55]) 0.9611127972602844
([68], [56]) 0.5374234318733215
([69], [57]) 0.5737851858139038
([70], [58]) 0.5215198993682861
([71], [59]) 0.8909527063369751
([72], [60]) 0.5751457214355469
([73], [61]) 0.3992544114589691
([74], [62]) 0.3748987913131714
([75], [63]) 0.6223501563072205
([76, 77], [64]) 0.48293617367744446
([78], [65]) 0.49527764320373535
([79], [66]) 0.49976637959480286
([80], [67]) 0.3710916042327881
([81], [68]) 0.4117226004600525
([82], [69]) 0.5377053022384644
([83], [70]) 0.9713793396949768
([84], [71]) 0.31491464376449585
([85], [72]) 0.2846236526966095
([86], [73, 74]) 0.3538268506526947
([87, 88], [75]) 0.4036428928375244
([89], [76]) 0.52334064245224
([90, 91], [77]) 0.4261104166507721
([92, 93], [78]) 0.4063510596752167
([94], [79]) 0.4037753939628601
([95], [80]) 0.6053008437156677
([96], [81]) 0.2704775631427765
([97], [82]) 0.4808198809623718
([98], [83]) 0.33953022956848145
([99, 100], [84]) 0.4279560148715973
([101, 102], [85]) 0.5340820550918579
([103, 104], [86]) 0.43747496604919434
([105], [87]) 0.6922040581703186
([106], [88]) 0.5579190254211426
([107], [89]) 0.4682265520095825
([108], [90]) 0.9689656496047974
([109], [91, 92]) 0.42764803767204285
([110], [93]) 0.5754884481430054
([111], [94]) 0.5251058340072632
([112], [95]) 0.5445592999458313
([113], [96]) 0.6826118230819702
([114], [97]) 0.36646977066993713
([115], [98]) 0.31762224435806274
([116], [99]) 0.4348207712173462
([117], [100]) 0.6859996318817139
([118], [101]) 0.41630589962005615
([119], [102]) 0.37139493227005005
([120], [103]) 0.6339216232299805
([121], [104, 105]) 0.33820995688438416
([122], [106]) 0.4666314423084259
([123], [107]) 0.6790854930877686
([124], [108]) 0.5654932856559753
([125], [109]) 0.5714035034179688
([126], [110, 111]) 0.4699295163154602
([127], [112]) 0.671739399433136
([128], [113]) 0.38787007331848145
([129], [114]) 0.6541780829429626
([130], [115]) 0.5078190565109253
([131], [116]) 0.4580453336238861
([132], [117]) 0.5952251553535461
([133], [118, 119]) 0.41517943143844604
([134], [120]) 0.9721212983131409
([135], [121]) 0.8144457936286926
([136], [122]) 0.46030569076538086
([137], [123]) 0.5271249413490295
([138, 139], [124]) 0.34277212619781494
([140, 141], [125]) 0.5764917731285095
([142, 143], [126]) 0.25519537925720215
([144], [127]) 0.6539172530174255
([145], [128]) 0.40500399470329285
([146, 147], [129]) 0.26476773619651794
([148], [130]) 0.477262943983078
([149], [131]) 0.4049321115016937
([150], [132]) 0.3292926847934723
([151], [133]) 0.4114689528942108
([152], [134]) 0.4916535019874573
([153], [135]) 0.6293639540672302
([154, 155], [136]) 0.3733421266078949
([156], [137]) 0.45302537083625793
([157, 158], [138]) 0.5163249373435974
([159], [139, 140]) 0.37519875168800354
([160], [141]) 0.3181951940059662
([161], [142]) 0.7056406736373901
([162], [143]) 0.39305320382118225
([163], [144]) 0.4847533702850342
([164], [145]) 0.5969454050064087
([165], [146]) 0.751996636390686
([166], [147]) 0.38322168588638306
([167], [148]) 0.49940359592437744
([168], [149]) 0.3362275958061218
([169], [150]) 0.26069343090057373
([170], [151]) 0.752277135848999
([171], [152]) 0.3572402894496918
([172], [153]) 0.4857998490333557
([173], [154]) 0.40580183267593384
([174], [155]) 0.48314541578292847
([175], [156]) 0.5132227540016174
([176], [157, 158]) 0.6508308053016663
([177], [159]) 0.7838088274002075
([178], [160]) 0.5852582454681396
([179, 180], [161]) 0.30818066000938416
([181], [162]) 1.0001459121704102
([182], [163]) 0.5268718600273132
([183], [164]) 0.47945666313171387
([184], [165]) 0.3835739195346832
([185], [166]) 0.6336941123008728
([186], [167]) 0.5918064713478088
([187, 188], [168]) 0.35578182339668274
([189], [169]) 0.5000322461128235
([190], [170]) 0.3342188894748688
([191], [171]) 0.20220449566841125
([192], [172, 173]) 0.4003069996833801
([193], [174]) 0.5867551565170288
([194], [175]) 0.23258602619171143
([195], [176]) 0.4086652398109436
([196], [177]) 0.5154693722724915
([197], [178]) 0.26006823778152466
([198], [179]) 0.5758691430091858
([199], [180, 181]) 0.3713863492012024
([200], [182]) 0.34244170784950256
([201, 202], [183]) 0.33905792236328125
([203], [184, 185]) 0.35046589374542236
([204], [186]) 0.2697407603263855
([205], [187]) 0.5658697485923767
([206], [188]) 0.2760860025882721
([207], [189]) 0.4102129340171814
([208], [190]) 0.278148353099823
([209], [191]) 0.37631115317344666
([210], [192]) 0.6333554983139038
([211], [193]) 0.5972632169723511
([212], [194]) 0.4922885000705719
([213], [195]) 0.37036144733428955
([214], [196]) 0.5641669034957886
([215], [197]) 0.39851370453834534
([216], [198]) 0.26244643330574036
([217], [199]) 0.37477198243141174
([218], [200]) 0.564735472202301
([219], [201, 202]) 0.4399721026420593
([220], [203]) 0.41783782839775085
([221], [204]) 0.23140835762023926
([222], [205]) 0.3331177234649658
([223], [206]) 0.4277467131614685
([224], [207]) 0.39362454414367676
([225], [208]) 0.3520926237106323
([226], [209]) 0.8185328245162964
([227], [210]) 0.3554261326789856
([228], [211]) 0.4357110857963562
([229], [212]) 0.5664247870445251
([230], [213]) 0.6167784929275513
([231, 232], [214]) 0.6532349586486816
([233], [215]) 0.6075924634933472
([234], [216]) 0.3740641176700592
([235], [217]) 0.363052099943161
([236], [218]) 0.44465169310569763
([237], [219]) 0.333448588848114
([238], [220]) 0.7007172107696533
([239, 240], [221]) 0.7148390412330627
([241], [222]) 0.5844046473503113
([242], [223, 224]) 0.3978828489780426
([243, 244], [225]) 0.6649266481399536
([245], [226]) 0.48376989364624023
([246], [227]) 0.6377137899398804
([247], [228]) 0.7604074478149414
([248], [229]) 0.6076695322990417
([249], [230]) 0.440385103225708
([250], [231]) 0.648426353931427
([251], [232]) 0.6084362864494324
([252], [233]) 0.3991948068141937
([253], [234]) 0.7107775211334229
([254], [235]) 0.7599767446517944
([255], [236]) 0.3455192446708679
([256], [237]) 0.47319507598876953
([257], [238]) 0.5966024994850159
([258], [239]) 0.3486986458301544
([259], [240]) 0.3227487802505493
([260], [241]) 0.41085556149482727
([261], [242]) 0.3258543014526367
([262], [243]) 0.5996451377868652
([263], [244]) 0.6188597083091736
([264], [245]) 0.5310201048851013
([265], [246]) 0.5910966396331787
([266], [247]) 0.48011940717697144
([267], [248]) 0.49031487107276917
([268], [249]) 0.4370981454849243
([269, 270], [250]) 0.6250815391540527
([271], [251]) 0.5546956658363342
([272], [252]) 1.0549052953720093
([273], [253, 254]) 0.3913151025772095
([274], [255]) 0.3570576310157776
([275, 276], [256]) 0.2963640093803406
([277], [257]) 0.6348933577537537
([278], [258]) 0.5393285155296326
([279], [259]) 0.4289986789226532
([280], [260]) 0.5654943585395813
([281], [261]) 0.5437192916870117
([282, 283], [262]) 0.4805879294872284
([284], [263]) 0.44435441493988037
([285], [264]) 0.3633388876914978
([286], [265, 266, 267, 268, 269]) 0.33965439796447755
([287], [270]) 0.30794474482536316
([288, 289], [271]) 0.42125141620635986
([290], [272]) 0.6080619096755981
([291], [273]) 0.5420446991920471
([292, 293, 294], [274]) 0.35122136274973553
([295], [275]) 0.5759691596031189
([296], [276]) 0.4040057361125946
([297], [277]) 0.43069782853126526
([298], [278, 279]) 0.48394814133644104
([299], [280]) 0.6925309300422668
([300, 301], [281]) 0.4942370355129242
([302], [282]) 0.40196678042411804
([303], [283]) 0.42774611711502075
([304], [284]) 0.3903997838497162
([305], [285]) 0.5974329113960266
([306], [286]) 0.8396719694137573
([307], [287]) 0.3845805823802948
([308], [288]) 0.28921616077423096
([309], [289]) 0.3748771548271179
([310], [290]) 0.6067904829978943
([311], [291]) 0.6500059366226196
([312, 313], [292]) 0.41379716992378235
([314], [293]) 0.58974689245224
([315], [294]) 0.47437191009521484
([316], [295]) 0.6836310625076294
([317], [296]) 0.46142491698265076
([318], [297]) 0.4687155783176422
([319], [298]) 0.4921009838581085
([320], [299]) 0.7223260402679443
([321], [300]) 0.6433315277099609
([322], [301]) 0.5889728665351868
([323], [302]) 0.44710373878479004
([324], [303]) 0.4401482343673706
([325], [304]) 0.32155582308769226
([326], [305]) 0.72230464220047
([327], [306]) 0.3992111086845398
([328], [307]) 0.6945149898529053
([329, 330], [308]) 0.5065209269523621
([331], [309, 310]) 0.28787851333618164
([332], [311]) 0.27071866393089294
([333], [312]) 0.49604010581970215
([334], [313]) 0.4358433485031128
([335, 336], [314]) 0.5015274882316589
([337], [315]) 0.4529137909412384
([338], [316]) 0.32856154441833496
([339, 340], [317]) 0.38621097803115845
([341], [318]) 0.3840525448322296
([342], [319]) 0.7576632499694824
([343], [320]) 0.6216651201248169
([344], [321, 322]) 0.39263707399368286
([345], [323]) 0.5391780138015747
([346], [324]) 0.5012438893318176
([347], [325]) 1.0883502960205078
([348], [326]) 0.6400039792060852
([349], [327]) 0.6230462789535522
([350], [328]) 0.6316003799438477
([351], [329]) 0.4780751168727875
([352], [330]) 0.38321590423583984
([353], [331]) 0.5560499429702759
([354], [332]) 0.2946000397205353
([355], [333]) 0.5491883754730225
([356], [334]) 0.4308469593524933
([357], [335]) 0.5764954090118408
([358], [336]) 0.6609861254692078
([359], [337]) 0.33476489782333374
([360], [338]) 0.6861954927444458
([361], [339]) 0.3704475462436676
([362], [340]) 0.3804408013820648
([363], [341]) 0.6376987099647522
([364], [342, 343]) 0.48879095911979675
([365], [344]) 0.43031126260757446
([366], [345]) 0.51137775182724
([367, 368, 369, 370], [346]) 0.33715274930000305
([371], [347]) 0.4089721739292145
([372], [348]) 0.4358234703540802
([373], [349]) 0.4725516736507416
([374], [350]) 0.3621520400047302
([375], [351]) 0.37106257677078247
([376, 377], [352]) 0.3190884292125702
([378], [353]) 0.6874668598175049
([379, 380, 381], [354]) 0.45628511905670166
([382], [355]) 0.6252060532569885
([383], [356]) 0.4358232021331787
([384], [357]) 0.41238459944725037
([385], [358]) 0.5169855952262878
([386], [359]) 0.48726722598075867
([387], [360]) 0.5030617713928223
([388], [361]) 0.5576173067092896
([389], [362]) 0.42741116881370544
([390, 391], [363]) 0.5070266127586365
([392], [364]) 0.5557959079742432
([393], [365]) 0.5808180570602417
([394], [366]) 0.35757339000701904
([395], [367]) 0.5387300252914429
([396], [368, 369]) 0.6396380066871643
([397], [370]) 0.5277246236801147
([398], [371]) 0.7124442458152771
([399], [372]) 0.5221470594406128
([400], [373]) 0.479398638010025
([401], [374]) 0.5715988874435425
([402], [375]) 0.6069855093955994
([403], [376]) 0.43994149565696716
([404], [377]) 0.6391662359237671
([405], [378]) 0.49574998021125793
([406, 407, 408], [379]) 0.46959221363067627
([409], [380]) 0.5657979249954224
([410, 411, 412], [381]) 0.5206476847330729
([413], [382]) 0.7452436685562134
([414], [383]) 0.6951239109039307
([415], [384]) 0.8822291493415833
([416], [385]) 0.7514745593070984
([417], [386]) 0.5954781770706177
([418], [387]) 0.5378232002258301
([419, 420], [388]) 0.6260173916816711
([421, 422], [389]) 0.5859912633895874
([423], [390]) 0.7292985916137695
([424], [391]) 0.5428780317306519
([425], [392]) 0.5336413383483887
([426], [393]) 0.4537453353404999
([427], [394, 395]) 0.3459166884422302
([428], [396]) 0.5015493631362915
([429], [397, 398]) 0.5873896479606628
([430], [399]) 0.5183611512184143
([431], [400]) 0.6847389936447144
([432], [401]) 0.44543781876564026
([433], [402]) 0.5390914082527161
([434], [403]) 0.5693785548210144
([435], [404]) 0.506644070148468
([436], [405]) 0.36646556854248047
([437], [406]) 0.32573527097702026
([438, 439, 440], [407]) 0.4078053633371989
([441, 442], [408]) 0.5466597080230713
([443], [409]) 0.34076228737831116
([444], [410]) 0.3835435211658478
([445, 446], [411]) 0.48559120297431946
([447], [412]) 0.31029990315437317
([448, 449], [413]) 0.6639885306358337
([450], [414]) 0.44211891293525696
([451], [415]) 0.4166051149368286
([452], [416]) 0.33476129174232483
([453], [417]) 0.3873092830181122
([454], [418]) 0.5874066352844238
([455], [419]) 0.48431697487831116
([456], [420]) 0.5770661234855652
([457], [421]) 0.5363885760307312
([458], [422]) 0.5131031274795532
([459], [423, 424]) 0.3596290349960327
([460], [425]) 0.5800395011901855
([461], [426]) 0.42058953642845154
([462], [427]) 0.35217511653900146
([463], [428]) 0.5208306908607483
([464], [429]) 0.7079727649688721
([465], [430]) 0.483122318983078
([466], [431]) 0.4819888770580292
([467], [432]) 0.42386043071746826
([468], [433]) 0.35652610659599304
([469], [434]) 0.37593770027160645
([470], [435]) 0.5093209147453308
([471], [436]) 0.5602558851242065
([472, 473], [437]) 0.46775200963020325
([474], [438]) 0.33197954297065735
([475], [439]) 0.42126768827438354
([476], [440]) 0.6845629811286926
([477, 478], [441]) 0.27844497561454773
([479], [442]) 0.6804339289665222
([480], [443]) 0.4664384424686432
([481, 482], [444]) 0.45152196288108826
([483], [445]) 0.7741943001747131
([484, 485], [446]) 0.3172679841518402
([486, 487, 488], [447]) 0.3002822796503703
([489], [448]) 0.5517067313194275
([490], [449]) 0.4668116569519043
([491], [450]) 0.561443567276001
([492, 493, 494], [451]) 0.584514856338501
([495], [452]) 0.3690642714500427
([496], [453]) 0.5119608044624329
([497], [454]) 0.4899754822254181
([498], [455]) 0.5125792622566223
([499], [456]) 0.5384536981582642
([500], [457]) 0.5088592171669006
([501], [458]) 0.5460204482078552
([502], [459]) 0.6572443246841431
([503], [460]) 0.4423803985118866
([504], [461]) 0.8211837410926819
([505], [462]) 0.4451066553592682
([506], [463]) 0.5825517773628235
([507], [464]) 0.17757388949394226
([508], [465]) 0.4140112102031708
([509], [466]) 0.5436162352561951
([510], [467, 468]) 0.4500158727169037
([511], [469]) 0.7641497254371643
([512], [470]) 0.7671664357185364
([513, 514], [471]) 0.3299103081226349
([515], [472]) 0.38069310784339905
([516], [473]) 0.4346103370189667
([517], [474]) 0.36306750774383545
([518], [475]) 0.8563376069068909
([519], [476]) 0.6009151935577393
([520], [477]) 0.724923849105835
([521], [478]) 0.5095070004463196
([522], [479]) 0.9348208904266357
([523], [480]) 0.5780135989189148
([524], [481]) 0.5129595398902893
([525], [482]) 0.4287846088409424
([526], [483]) 0.40477463603019714
([527], [484]) 0.5109924674034119
([528], [485]) 0.5472699999809265
([529], [486]) 0.3622440993785858
([530], [487]) 0.6334564685821533
([531], [488]) 0.6868566274642944
([532, 533, 534], [489]) 0.41605401039123535
([535], [490]) 0.35209226608276367
([536], [491]) 0.38592803478240967
([537], [492]) 0.6882204413414001
([538], [493]) 0.5713090300559998
([539], [494]) 0.4559200704097748
([540], [495]) 0.42962411046028137
([541], [496]) 0.31121590733528137
([542], [497]) 0.5656137466430664
([543], [498, 499]) 0.5726378560066223
([544, 545], [500]) 0.4677269756793976
([546], [501]) 0.5053990483283997
([547], [502]) 0.522800087928772
([548], [503]) 0.4644245207309723
([549], [504]) 0.8731295466423035
([550], [505]) 0.6574780344963074
([551], [506]) 0.29405829310417175
([552], [507]) 0.5349721908569336
([553], [508]) 0.41109001636505127
([554], [509]) 0.5117042064666748
([555], [510]) 0.6509866714477539
([556, 557, 558], [511]) 0.32523834705352783
([559], [512]) 0.6462040543556213
([560], [513]) 0.5068839192390442
([561], [514]) 0.7065214514732361
([562], [515]) 0.5607777833938599
([563], [516]) 0.4257429242134094
([564], [517]) 0.5331807136535645
([565], [518]) 0.6810554265975952
([566], [519]) 0.5922838449478149
([567], [520]) 0.687345027923584
([568], [521]) 0.5829439163208008
([569], [522]) 0.39954206347465515
([570], [523]) 0.4544624984264374
([571], [524]) 0.3988688886165619
([572], [525]) 0.39317184686660767
([573], [526]) 0.5701630115509033
([574], [527]) 0.31520962715148926
([575], [528]) 0.5283215045928955
([576], [529]) 0.39123645424842834
([577], [530]) 0.5775632262229919
([578], [531]) 0.7043709754943848
([579], [532]) 0.5500041246414185
([580], [533]) 0.5327037572860718
([581], [534]) 0.49562257528305054
([582], [535]) 0.3240286707878113
([583], [536]) 0.34585678577423096
([584], [537]) 0.509125828742981
([585], [538]) 0.7663630247116089
([586], [539]) 0.41808634996414185
([587], [540]) 1.041092038154602
([588, 589], [541]) 0.6359797120094299
([590], [542]) 0.8127129673957825
([591], [543]) 0.4172368049621582
([592, 593], [544]) 0.3092934787273407
([594], [545]) 0.5632004141807556
([595], [546]) 0.6434619426727295
([596], [547]) 0.45259976387023926
([597], [548]) 0.3900051414966583
([598], [549]) 0.3136138916015625
([599], [550]) 0.3264497220516205
([600], [551]) 0.6918233633041382
([601], [552]) 0.46942001581192017
([602], [553]) 0.5630123019218445
([603], [554]) 0.5040390491485596
([604], [555]) 0.7014918327331543
([605], [556]) 0.4626108705997467
([606], [557, 558]) 0.5005553960800171
([607], [559]) 0.550457239151001
([608], [560]) 0.638568639755249
([609], [561]) 0.5252160429954529
([610], [562, 563]) 0.6662996411323547
([611], [564]) 0.7455521821975708
([612], [565]) 0.4662308394908905
([613], [566]) 0.6681561470031738
([614], [567]) 0.4911419451236725
([615], [568]) 0.4638020694255829
([616], [569]) 0.4335901439189911
([617], [570]) 0.5137233734130859
([618], [571]) 0.6472761631011963
([619], [572]) 0.3264453411102295
([620], [573]) 0.6400566101074219
([621], [574]) 0.4364807903766632
([622], [575]) 0.4725809693336487
([623], [576, 577]) 0.40182700753211975
([624], [578]) 0.5678077936172485
([625], [579]) 0.33914726972579956
([626], [580]) 0.4443984031677246
([627], [581]) 0.40707075595855713
([628], [582]) 0.46549516916275024
([629], [583]) 0.5582901239395142
([630], [584]) 0.8869438171386719
([631], [585]) 0.7061589956283569
([632], [586]) 0.37859317660331726
([633], [587]) 0.672398030757904
([634], [588]) 0.4280369281768799
([635], [589]) 0.4758102595806122
([636], [590]) 0.4137612283229828
([637, 638], [591]) 0.523115873336792
([639], [592]) 0.5561071038246155
([640], [593]) 0.46578583121299744
([641], [594]) 0.3605214059352875
([642], [595]) 0.3397009074687958
([643], [596]) 0.6005789637565613
([644], [597]) 0.4522487223148346
([645, 646], [598]) 0.38946905732154846
([647], [599]) 0.5922353267669678
([648], [600]) 0.544402003288269
([649, 650], [601]) 0.3637979328632355
([651], [602]) 0.4973220229148865
([652, 653], [603]) 0.4813310205936432
([654], [604]) 0.33474206924438477
([655], [605]) 0.7550184726715088
([656], [606]) 0.4707384407520294
([657], [607]) 0.3465615510940552
([658], [608, 609, 610]) 0.479691743850708
([659], [611]) 0.6680280566215515
([660], [612]) 0.4387931525707245
([661], [613]) 0.4559398293495178
([662], [614, 615]) 0.4747130870819092
([663], [616]) 0.4608093202114105
([664], [617]) 0.8753003478050232
([665], [618]) 0.4808785617351532
([666], [619]) 0.3281075954437256
([667], [620]) 0.6281938552856445
([668], [621]) 0.33273106813430786
([669], [622]) 0.47906142473220825
([670], [623]) 0.4607081413269043
([671], [624]) 0.372247576713562
([672, 673], [625]) 0.5244523882865906
