([0], [0]) 0.32381534576416016
([1], [1]) 0.5100653171539307
([2], [2, 3]) 0.34136611223220825
([3], [4]) 0.6403987407684326
([4, 5, 6], [5]) 0.30244362354278564
([7], [6]) 0.4116794168949127
([8], [7]) 0.32697832584381104
([9, 10, 11], [8]) 0.31510378917058307
([12], [9]) 0.41981855034828186
([13], [10]) 0.7275213599205017
([14, 15], [11]) 0.3608531951904297
([16], [12]) 0.6671212911605835
([17], [13]) 0.2842773199081421
([18, 19], [14]) 0.40286558866500854
([20], [15]) 0.3710464835166931
([21], [16, 17]) 0.4062678813934326
([22], [18, 19]) 0.5077827572822571
([23], [20]) 0.43994760513305664
([24], [21]) 0.49477434158325195
([25], [22]) 0.339948445558548
([26], [23]) 0.47561636567115784
([27], [24]) 0.31055140495300293
([28], [25]) 0.5635982155799866
([29], [26, 27]) 0.5195165276527405
([30], [28]) 0.42528343200683594
([31], [29]) 0.4113767147064209
([32], [30]) 0.3161923885345459
([33], [31]) 0.5550154447555542
([34], [32]) 0.7452561259269714
([35], [33]) 0.4907433092594147
([36], [34]) 0.15402275323867798
([37], [35]) 0.4908968508243561
([38], [36]) 0.6835928559303284
([39], [37]) 0.5866643786430359
([40], [38]) 0.5667517185211182
([41], [39]) 0.4569820463657379
([42], [40]) 0.35774296522140503
([43], [41]) 0.3074946403503418
([44], [42]) 0.4403368830680847
([45], [43]) 0.34195178747177124
([46], [44]) 0.37434086203575134
([47], [45]) 0.5040285587310791
([48], [46]) 0.6488269567489624
([49], [47, 48]) 0.6115816235542297
([50, 51], [49]) 0.2830366790294647
([52], [50]) 0.44009289145469666
([53], [51]) 0.3542610704898834
([54], [52]) 0.5201596021652222
([55], [53]) 0.7493675351142883
([56, 57, 58], [54]) 0.3140823046366374
([59], [55]) 0.3911241590976715
([60], [56]) 0.39407622814178467
([61], [57]) 0.46425125002861023
([62], [58]) 0.5184216499328613
([63], [59]) 0.6658849120140076
([64], [60]) 0.6208683252334595
([65], [61, 62]) 0.34661099314689636
([66], [63]) 0.37070518732070923
([67], [64]) 0.5220268368721008
([68], [65, 66]) 0.5504862666130066
([69], [67]) 0.3632912039756775
([70], [68]) 0.3104099631309509
([71], [69]) 0.24441544711589813
([72], [70]) 0.661396324634552
([73], [71, 72, 73]) 0.4326806863149007
([74], [74]) 0.48235848546028137
([75], [75]) 0.5272528529167175
([76], [76]) 0.7559840679168701
([77], [77, 78, 79]) 0.4246444304784139
([78], [80]) 0.41096869111061096
([79], [81]) 0.8970263600349426
([80], [82, 83]) 0.4143787920475006
([81], [84]) 0.39606618881225586
([82], [85]) 0.49914294481277466
([83], [86]) 0.31249940395355225
([84], [87]) 0.658903956413269
([85], [88]) 0.4985376298427582
([86], [89]) 0.33535104990005493
([87, 88], [90]) 0.4682829976081848
([89], [91]) 0.459525465965271
([90], [92]) 0.7846257090568542
([91], [93]) 0.6619871854782104
([92, 93], [94]) 0.48232731223106384
([94], [95]) 0.7132592797279358
([95], [96]) 0.5330272316932678
([96], [97]) 0.541499674320221
([97], [98]) 0.5022974610328674
([98], [99]) 0.8582376837730408
([99], [100]) 0.7261740565299988
([100], [101]) 0.4345669448375702
([101], [102]) 0.3291718661785126
([102], [103]) 0.5624318718910217
([103], [104]) 0.4056708514690399
([104], [105]) 0.5045811533927917
([105], [106]) 0.2750346064567566
([106], [107]) 0.8200595378875732
([107], [108]) 0.5891403555870056
([108], [109]) 0.5186441540718079
([109], [110]) 0.5897299647331238
([110], [111]) 0.6026135087013245
([111], [112]) 0.9555333852767944
([112], [113]) 0.430690735578537
([113], [114, 115]) 0.41866534948349
([114], [116, 117]) 0.4214489459991455
([115], [118]) 0.5397399663925171
([116], [119]) 0.5905722379684448
([117], [120]) 0.8835570812225342
([118], [121]) 0.534595787525177
([119], [122]) 0.30833858251571655
([120], [123]) 0.4081631898880005
([121], [124]) 0.5932984948158264
([122], [125]) 0.25088968873023987
([123], [126]) 0.5525496602058411
([124], [127]) 0.5139046907424927
([125], [128]) 0.34734758734703064
([126], [129]) 0.5542544722557068
([127], [130]) 0.5611739158630371
([128], [131]) 0.44228389859199524
([129], [132]) 0.37010812759399414
([130], [133]) 0.2386147677898407
([131], [134, 135]) 0.2524947226047516
([132], [136]) 0.5488903522491455
([133], [137]) 0.3723096251487732
([134], [138]) 0.7118644118309021
([135], [139]) 0.5203115344047546
([136], [140]) 0.5875142812728882
([137], [141]) 0.38625234365463257
([138], [142, 143]) 0.29541444778442383
([139], [144]) 0.33083826303482056
([140], [145, 146]) 0.3699532151222229
([141], [147]) 0.4867175221443176
([142], [148]) 0.33468639850616455
([143, 144], [149, 150]) 0.31345459818840027
([145], [151]) 0.44705435633659363
([146], [152]) 0.37640565633773804
([147], [153]) 0.6588780879974365
([148], [154]) 0.27063092589378357
([149], [155, 156]) 0.40954387187957764
([150], [157]) 0.2300463765859604
([151], [158]) 0.36811310052871704
([152], [159]) 0.46797704696655273
([153], [160]) 0.24762742221355438
([154], [161, 162]) 0.2447596937417984
([155], [163, 164]) 0.3627112805843353
([156], [165, 166, 167]) 0.3745250304539998
([157], [168]) 0.7734474539756775
([158], [169]) 0.5641927719116211
([159], [170, 171]) 0.5371904373168945
([160], [172]) 0.48176366090774536
([161], [173, 174]) 0.4810687005519867
([162], [175, 176]) 0.601945698261261
([163], [177]) 0.7922602295875549
([164], [178]) 0.4274875521659851
([165], [179]) 0.6277434229850769
([166], [180, 181]) 0.4439355432987213
([167], [182]) 0.41607069969177246
([168], [183, 184]) 0.40894508361816406
([169], [185]) 0.6092050671577454
([170], [186]) 0.5533420443534851
([171], [187]) 0.36655133962631226
([172], [188]) 0.3593250513076782
([173], [189, 190, 191]) 0.440540870030721
([174], [192]) 0.7079442143440247
([175], [193, 194]) 0.20084142684936523
([176], [195]) 0.4651615619659424
([177], [196]) 0.4962225556373596
([178], [197]) 0.5102090835571289
([179], [198]) 0.41145363450050354
([180], [199]) 0.3499607741832733
([181], [200]) 0.2640168368816376
([182], [201]) 0.7356086373329163
([183], [202, 203]) 0.3785594403743744
([184], [204]) 0.4183266758918762
([185], [205]) 0.46983397006988525
([186], [206]) 0.4159226417541504
([187], [207]) 0.43597784638404846
([188], [208]) 0.3540257215499878
([189], [209]) 0.5160183906555176
([190], [210]) 0.1864754557609558
([191], [211]) 0.4362088739871979
([192], [212]) 0.31661373376846313
([193], [213]) 0.44970420002937317
([194], [214]) 0.5111885070800781
([195], [215]) 0.4867536127567291
([196], [216]) 0.5586103796958923
([197], [217]) 0.6017422080039978
([198], [218]) 0.36389005184173584
([199], [219]) 0.3742615878582001
([200], [220]) 0.49833887815475464
([201], [221, 222]) 0.44017869234085083
([202], [223, 224]) 0.427767813205719
([203], [225]) 0.5762526392936707
([204], [226]) 0.4588548541069031
([205], [227]) 0.34829145669937134
([206], [228, 229]) 0.44960060715675354
([207], [230]) 0.6903502345085144
([208], [231]) 0.5002444386482239
([209], [232]) 0.31615447998046875
([210], [233]) 0.6501501202583313
([211], [234]) 0.8856497406959534
([212], [235]) 0.5638955235481262
([213], [236]) 0.33886003494262695
([214], [237]) 0.5721424221992493
([215], [238]) 0.665115237236023
([216], [239]) 0.4724554717540741
([217], [240]) 0.4775089919567108
([218, 219, 220], [241]) 0.5153358777364095
([221], [242]) 0.6009795069694519
([222], [243]) 0.45619136095046997
([223], [244, 245]) 0.38105520606040955
([224], [246]) 0.3428645730018616
([225], [247]) 0.5485180616378784
([226], [248]) 0.5276958346366882
([227], [249]) 0.2658679485321045
([228], [250]) 0.30997127294540405
([229], [251, 252]) 0.48951518535614014
([230], [253]) 0.48308610916137695
([231], [254]) 0.3311837315559387
([232], [255]) 0.7343880534172058
([233], [256, 257]) 0.37378641963005066
([234], [258]) 0.46538326144218445
([235], [259]) 0.5240873694419861
([236], [260, 261]) 0.37354642152786255
([237], [262]) 0.6069461107254028
([238], [263]) 0.37995606660842896
([239], [264]) 0.376424640417099
([240], [265]) 0.3278510570526123
([241], [266]) 0.3230045437812805
([242], [267]) 0.38585561513900757
([243], [268]) 0.500801146030426
([244], [269]) 0.4984479546546936
([245], [270]) 0.2483772337436676
([246], [271]) 0.6660963892936707
([247], [272]) 0.6693637371063232
([248], [273, 274]) 0.452682763338089
([249], [275]) 0.43213415145874023
([250], [276]) 0.5836692452430725
([251], [277, 278]) 0.41897258162498474
([252], [279]) 0.5330248475074768
([253], [280]) 0.5279662609100342
([254], [281, 282]) 0.2390272319316864
([255], [283]) 0.8627075552940369
([256], [284]) 0.4624960720539093
([257], [285, 286]) 0.43445879220962524
([258, 259], [287]) 0.5241480469703674
([260], [288]) 0.375663697719574
([261], [289, 290, 291]) 0.4009733597437541
([262], [292, 293, 294]) 0.3794500430425008
([263], [295]) 0.43830323219299316
([264], [296]) 0.3554273247718811
([265], [297]) 0.511157751083374
([266], [298]) 0.3919772505760193
([267], [299]) 0.37848883867263794
([268], [300]) 0.5150282979011536
([269], [301]) 0.28799518942832947
([270], [302]) 0.34008046984672546
([271], [303]) 0.48430541157722473
([272], [304]) 0.41622164845466614
([273], [305]) 0.8085578083992004
([274], [306, 307]) 0.4936772584915161
([275], [308]) 0.32057812809944153
([276], [309]) 0.3565111756324768
([277], [310]) 0.3436262309551239
([278], [311]) 0.578594446182251
([279], [312]) 0.19023075699806213
([280], [313, 314]) 0.4435536861419678
([281], [315]) 0.4077223241329193
([282], [316]) 0.6293917894363403
([283], [317]) 0.4087166488170624
([284], [318]) 0.7900059223175049
([285], [319]) 0.47336718440055847
([286], [320]) 0.35703587532043457
([287], [321]) 0.7086054086685181
([288], [322, 323]) 0.3663029074668884
([289, 290], [324]) 0.3843715190887451
([291], [325]) 0.5627955794334412
([292], [326]) 0.6635701060295105
([293], [327]) 0.6993649005889893
([294], [328]) 0.6413561105728149
([295], [329]) 0.5514147877693176
([296], [330]) 0.5281190872192383
([297], [331]) 0.6190069317817688
([298], [332, 333, 334]) 0.45373300711313885
([299], [335]) 0.3719179332256317
([300], [336]) 0.23832160234451294
([301], [337]) 0.3738005757331848
([302], [338]) 0.46119293570518494
([303], [339]) 0.5116428732872009
([304], [340]) 0.4300820529460907
([305], [341, 342]) 0.5070602297782898
([306], [343]) 0.5433237552642822
([307], [344]) 0.4165368676185608
([308], [345]) 0.2887810170650482
([309], [346, 347]) 0.4214700758457184
([310], [348]) 0.3085070252418518
([311], [349]) 0.541946291923523
([312], [350]) 0.264327734708786
([313], [351]) 0.49099233746528625
([314], [352, 353, 354]) 0.47484572728474933
([315], [355, 356, 357]) 0.5508197943369547
([316], [358]) 0.3837074935436249
([317], [359]) 0.32370418310165405
([318], [360]) 0.6913856863975525
([319], [361, 362]) 0.5210662484169006
([320], [363]) 0.4866700768470764
([321], [364]) 0.47101399302482605
([322], [365]) 0.5237075686454773
([323], [366]) 0.5715365409851074
([324], [367]) 0.36108699440956116
([325], [368]) 0.31495043635368347
([326], [369, 370]) 0.4175269305706024
([327], [371]) 0.49316009879112244
([328], [372]) 0.5511525869369507
([329], [373]) 0.40223440527915955
([330], [374]) 0.4778272211551666
([331], [375, 376]) 0.5004330277442932
([332], [377]) 0.6219321489334106
([333], [378]) 0.4303460419178009
([334], [379]) 0.3421036899089813
([335], [380]) 0.5544334650039673
([336], [381]) 0.6755763292312622
([337], [382]) 0.46030235290527344
([338], [383]) 0.6582061052322388
([339], [384]) 0.5531795620918274
([340], [385]) 0.6243084669113159
([341], [386]) 0.6375846862792969
([342], [387]) 0.5016647577285767
([343], [388]) 0.5900167226791382
([344], [389, 390]) 0.6013317108154297
([345], [391, 392]) 0.3643195927143097
([346], [393]) 0.5373237133026123
([347], [394]) 0.3357982635498047
([348], [395]) 0.319271981716156
([349], [396, 397]) 0.35727572441101074
([350], [398]) 0.27153491973876953
([351], [399]) 0.4886314868927002
([352], [400]) 0.6991558074951172
([353], [401]) 0.4186643064022064
([354], [402]) 0.5032523274421692
([355], [403]) 0.6892343759536743
([356], [404]) 0.4916914105415344
([357], [405]) 0.17048974335193634
([358, 359], [406]) 0.6020880341529846
([360, 361], [407]) 0.4804929792881012
([362], [408, 409]) 0.49637728929519653
([363], [410]) 0.7815303206443787
([364], [411, 412, 413]) 0.4347730875015259
([365], [414]) 0.48547399044036865
([366], [415]) 0.525913417339325
([367], [416]) 0.44369399547576904
([368], [417]) 0.6321865320205688
([369], [418]) 0.5891259908676147
([370], [419]) 0.5991684198379517
([371], [420]) 0.5205515623092651
([372], [421]) 0.35590580105781555
([373], [422, 423]) 0.41708382964134216
([374], [424]) 0.3278392255306244
([375], [425]) 0.7586751580238342
([376], [426, 427, 428]) 0.46018604437510174
([377], [429]) 0.6727251410484314
([378], [430, 431]) 0.43161267042160034
([379], [432]) 0.5914040207862854
([380, 381], [433]) 0.5548504590988159
([382, 383], [434]) 0.5134019255638123
([384], [435]) 0.6645910143852234
([385], [436]) 0.44496971368789673
([386], [437]) 0.6219470500946045
([387], [438, 439]) 0.5174292325973511
([388], [440]) 0.37937435507774353
([389], [441, 442, 443]) 0.5349928140640259
([390], [444, 445]) 0.6085696816444397
([391], [446]) 0.4074264168739319
([392], [447]) 0.5668129324913025
([393], [448]) 0.4036230146884918
([394], [449]) 0.5113644003868103
([395], [450, 451]) 0.5017904043197632
([396], [452]) 0.6698428988456726
([397], [453, 454]) 0.4282316267490387
([398], [455]) 0.4361482560634613
([399], [456]) 0.494673490524292
([400], [457]) 0.6860340237617493
([401], [458]) 0.6240016222000122
([402], [459, 460, 461, 462]) 0.3652535378932953
([403], [463, 464]) 0.6394410133361816
([404], [465]) 0.42712926864624023
([405], [466]) 0.49763593077659607
([406], [467]) 0.7956724166870117
([407], [468]) 0.3749294877052307
([408], [469]) 0.5854175686836243
([409], [470]) 0.5362721085548401
([410], [471, 472, 473]) 0.5064157644907633
([411], [474]) 0.49175482988357544
([412], [475]) 0.41697293519973755
([413], [476]) 0.5590936541557312
([414], [477]) 0.6315928101539612
([415], [478]) 0.3667337894439697
([416], [479]) 0.5711459517478943
([417], [480]) 0.3085281252861023
([418], [481]) 0.4362280070781708
([419], [482, 483]) 0.49493956565856934
([420], [484]) 0.42285773158073425
([421], [485]) 0.43600893020629883
([422], [486, 487]) 0.5517453551292419
([423], [488]) 0.5050599575042725
([424], [489, 490, 491]) 0.5705194075902303
([425], [492]) 0.43523970246315
([426], [493, 494]) 0.41253918409347534
([427], [495, 496]) 0.4230118691921234
([428], [497]) 0.47306403517723083
([429], [498, 499]) 0.5355696678161621
([430], [500]) 0.32335445284843445
([431], [501, 502]) 0.3816205561161041
([432], [503]) 0.6026129126548767
([433], [504]) 0.6554971933364868
([434], [505]) 0.34109142422676086
([435, 436], [506]) 0.5120543837547302
([437], [507, 508]) 0.5139392614364624
([438], [509]) 0.4668322801589966
([439], [510]) 0.3888181447982788
([440], [511]) 0.3795604109764099
([441], [512, 513]) 0.3809537887573242
([442], [514]) 0.7148065567016602
([443], [515]) 0.5415365695953369
([444], [516]) 0.5703867673873901
([445], [517]) 0.6308822631835938
([446], [518]) 0.4276343584060669
([447], [519]) 0.6468401551246643
([448], [520]) 0.5402247905731201
([449], [521]) 0.7879065275192261
([450], [522]) 0.531865656375885
([451], [523]) 0.5272497534751892
([452], [524]) 0.7174835205078125
([453], [525]) 0.5022329688072205
([454], [526]) 0.5613830089569092
([455], [527]) 0.5549529790878296
([456], [528, 529]) 0.5059335827827454
([457], [530]) 0.5552691221237183
([458], [531]) 0.7118730545043945
([459], [532]) 0.38914304971694946
([460], [533]) 0.45042121410369873
([461], [534]) 0.38372454047203064
([462], [535]) 0.7835385203361511
([463], [536, 537]) 0.5171353816986084
([464], [538]) 0.5077382922172546
([465], [539]) 0.6934008598327637
([466], [540, 541]) 0.5634219646453857
([467], [542, 543]) 0.5555702447891235
([468], [544]) 0.6763638854026794
([469], [545]) 0.5110812783241272
([470], [546]) 0.37526917457580566
([471], [547]) 0.4597876965999603
([472], [548, 549, 550]) 0.3439069588979085
([473], [551]) 0.44861042499542236
([474], [552]) 0.5306623578071594
([475], [553]) 0.5390486717224121
([476], [554]) 0.4321692883968353
([477], [555]) 0.47363367676734924
([478], [556]) 0.49665799736976624
([479], [557, 558]) 0.30644407868385315
([480], [559]) 0.4629836976528168
([481], [560]) 0.3396815061569214
([482, 483], [561]) 0.2576991319656372
([484], [562]) 0.40615150332450867
([485], [563]) 0.5680883526802063
([486], [564]) 0.5531463027000427
([487], [565]) 0.473040908575058
([488], [566]) 0.6665439605712891
([489], [567, 568, 569]) 0.3982847531636556
([490], [570]) 0.48966294527053833
([491], [571]) 0.5083212852478027
([492], [572]) 0.7752142548561096
([493], [573, 574]) 0.4452790319919586
([494], [575]) 0.45918115973472595
([495], [576, 577]) 0.2489100992679596
([496], [578]) 0.45335444808006287
([497], [579]) 0.2848123610019684
([498], [580]) 0.4512920081615448
([499], [581]) 0.23812657594680786
([500, 501], [582]) 0.4346100091934204
([502], [583, 584]) 0.572429358959198
([503], [585]) 0.6404867768287659
([504], [586]) 0.6022672653198242
([505], [587, 588]) 0.6001958250999451
([506], [589, 590, 591]) 0.6651652256647745
([507], [592]) 0.7181683778762817
([508], [593]) 0.4443015158176422
([509, 510], [594]) 0.4372599720954895
([511, 512], [595]) 0.6043472290039062
([513, 514], [596]) 0.2540161609649658
([515], [597]) 0.728948175907135
([516], [598]) 0.643626868724823
([517], [599]) 0.4565514326095581
([518], [600]) 0.3530789911746979
([519], [601]) 0.4372366964817047
([520], [602]) 0.7141665816307068
([521], [603]) 0.6659338474273682
([522], [604]) 0.6015544533729553
([523], [605]) 0.6341233849525452
([524], [606]) 0.7100731730461121
([525], [607]) 0.8930982947349548
([526], [608, 609, 610]) 0.35786402225494385
([527], [611]) 0.5130900144577026
([528], [612]) 0.6469184160232544
([529], [613, 614, 615, 616]) 0.3984776437282562
([530], [617]) 1.0417386293411255
([531], [618]) 0.8085936903953552
([532], [619, 620]) 0.4556581377983093
([533], [621]) 0.7298833727836609
([534], [622]) 0.5124409794807434
([535], [623]) 0.515860915184021
([536], [624]) 0.45085105299949646
([537], [625]) 0.4066278636455536
([538], [626]) 0.6446534991264343
([539], [627]) 0.4738732576370239
([540], [628, 629, 630]) 0.5212504069010416
([541], [631]) 0.40230971574783325
([542], [632, 633]) 0.4688396155834198
([543], [634]) 0.5476377010345459
([544], [635, 636]) 0.5658196210861206
([545], [637]) 0.5324572324752808
([546], [638]) 0.5614231824874878
([547], [639]) 0.41784030199050903
([548], [640]) 0.45778676867485046
([549], [641, 642, 643, 644, 645]) 0.48292055130004885
([550], [646, 647]) 0.5333885550498962
([551], [648]) 0.30239030718803406
([552], [649]) 0.48714327812194824
([553], [650]) 0.48463815450668335
([554], [651]) 0.4425741732120514
([555], [652]) 0.4096873700618744
([556], [653]) 0.37586942315101624
([557], [654]) 0.4274285137653351
([558], [655, 656, 657]) 0.42454477151234943
([559], [658]) 0.5677818059921265
([560], [659, 660, 661]) 0.29954397678375244
([561], [662]) 0.4586353898048401
([562], [663]) 0.40720054507255554
([563], [664]) 0.6673958897590637
([564], [665, 666, 667]) 0.5067106882731119
([565], [668]) 0.4699418842792511
([566], [669]) 0.5166411399841309
([567], [670]) 0.5146579146385193
([568], [671, 672]) 0.4085294306278229
([569], [673]) 0.6497333645820618
([570], [674, 675, 676]) 0.4508005777994792
([571], [677]) 0.3779100477695465
([572], [678]) 0.6149563789367676
([573], [679]) 0.5858668684959412
([574], [680]) 0.627048134803772
([575], [681]) 0.493732750415802
([576], [682]) 0.6160635352134705
([577], [683]) 0.39709657430648804
([578], [684]) 0.476899117231369
([579], [685]) 0.620005190372467
([580], [686]) 0.2652953565120697
([581], [687]) 0.546876847743988
([582], [688]) 0.3519946038722992
([583], [689, 690]) 0.4529530107975006
([584], [691]) 0.624996542930603
([585], [692]) 0.3220694363117218
([586], [693]) 0.3916170001029968
([587], [694]) 0.3435260057449341
([588], [695]) 0.4137496054172516
([589], [696]) 0.5525568127632141
([590], [697]) 0.5177767276763916
([591], [698]) 0.6844266653060913
([592], [699, 700]) 0.33549660444259644
([593], [701, 702]) 0.49861249327659607
([594], [703]) 0.48883068561553955
([595], [704, 705]) 0.41068243980407715
([596], [706]) 0.5483803153038025
([597], [707]) 0.5854396820068359
([598], [708]) 0.4491302967071533
([599], [709, 710]) 0.3586673140525818
([600], [711]) 0.5290597677230835
([601], [712]) 0.4897534251213074
([602], [713]) 0.4802038371562958
([603], [714]) 0.44605177640914917
([604], [715, 716]) 0.3759584426879883
([605], [717]) 0.4450204074382782
([606], [718]) 0.40588223934173584
([607], [719]) 0.4484449625015259
([608], [720]) 0.30121728777885437
([609], [721, 722, 723]) 0.5564999977747599
([610], [724]) 0.6538113951683044
([611], [725]) 0.27634966373443604
([612], [726]) 0.4648021459579468
([613], [727, 728]) 0.3843282461166382
([614], [729]) 0.33804747462272644
([615], [730, 731]) 0.30004799365997314
([616], [732, 733]) 0.23689809441566467
([617], [734, 735]) 0.24098917841911316
([618], [736]) 0.41423657536506653
([619], [737]) 0.4506223499774933
([620], [738]) 0.39520081877708435
([621], [739]) 0.37599095702171326
([622], [740, 741, 742, 743]) 0.294710636138916
([623], [744]) 0.3952329158782959
([624], [745]) 0.3620073199272156
([625], [746]) 0.5497725009918213
([626, 627], [747]) 0.3835200369358063
([628], [748, 749]) 0.4623134732246399
([629], [750, 751]) 0.34735801815986633
([630], [752]) 0.5735952854156494
([631], [753]) 0.6812176704406738
([632], [754, 755, 756]) 0.554614265759786
([633], [757, 758, 759]) 0.3625238339106242
([634], [760, 761, 762]) 0.43621885776519775
([635], [763]) 0.4323282837867737
([636], [764]) 0.6144750118255615
([637], [765, 766]) 0.48723340034484863
([638], [767]) 0.8506821990013123
([639], [768]) 0.38615426421165466
([640], [769]) 0.5689218044281006
([641], [770]) 0.5356109142303467
([642], [771]) 0.4987338185310364
([643], [772]) 0.6045036315917969
([644], [773]) 0.4218749701976776
([645], [774, 775]) 0.31755566596984863
([646], [776, 777, 778]) 0.41855597496032715
([647], [779]) 0.44945773482322693
([648], [780]) 0.5972318649291992
([649], [781]) 0.40586405992507935
([650], [782]) 0.8270757794380188
([651], [783, 784]) 0.579840898513794
([652], [785]) 0.7010204792022705
([653], [786, 787]) 0.45228397846221924
([654], [788, 789, 790, 791]) 0.4815436601638794
([655], [792, 793, 794, 795, 796]) 0.3835167407989502
([656], [797, 798]) 0.3012203872203827
([657], [799, 800, 801, 802]) 0.4409283697605133
([658], [803, 804, 805]) 0.4006158908208211
([659], [806, 807]) 0.5716161727905273
([660], [808]) 0.3240157961845398
([661], [809]) 0.4198717474937439
([662], [810, 811]) 0.46911317110061646
([663], [812]) 0.4662496745586395
([664], [813, 814]) 0.42259833216667175
([665], [815]) 0.8947911262512207
([666], [816]) 0.931271493434906
([667], [817]) 0.6635016798973083
([668], [818]) 0.9400472044944763
([669], [819]) 0.5078354477882385
([670], [820, 821]) 0.4851028025150299
([671], [822, 823, 824]) 0.4416855573654175
([672], [825]) 0.8745880722999573
([673], [826]) 0.35029563307762146
([674], [827]) 0.2701376676559448
([675], [828]) 0.6613033413887024
([676], [829, 830, 831]) 0.6061702966690063
([677], [832]) 0.6888241171836853
([678], [833]) 0.7020115256309509
([679], [834, 835]) 0.31752556562423706
([680], [836]) 0.6871885061264038
([681], [837, 838, 839]) 0.4231197039286296
([682], [840, 841, 842, 843]) 0.2998864948749542
([683], [844]) 1.0342199802398682
([684], [845]) 0.6182164549827576
([685], [846, 847]) 0.558089554309845
([686], [848, 849]) 0.37883129715919495
([687], [850]) 0.6982131600379944
([688], [851, 852]) 0.5030223727226257
([689], [853]) 0.5419806838035583
([690], [854]) 0.9685927033424377
([691], [855, 856]) 0.4590159058570862
([692, 693, 694], [857]) 0.49984073638916016
([695, 696], [858, 859]) 0.2521493136882782
([697, 698, 699], [860]) 0.26829880475997925
([700], [861]) 0.42927274107933044
([701], [862]) 0.5669845342636108
([702], [863]) 0.4871697425842285
([703], [864]) 0.475900799036026
([704], [865]) 0.46711060404777527
([705], [866]) 0.707944393157959
([706], [867]) 0.28756341338157654
([707], [868]) 0.7243892550468445
([708], [869, 870, 871, 872]) 0.42113757133483887
([709], [873, 874, 875, 876]) 0.4280635714530945
([710], [877, 878, 879, 880]) 0.366225004196167
([711], [881]) 0.37477922439575195
([712], [882]) 0.8152005076408386
([713], [883]) 0.5121869444847107
([714], [884]) 0.34319552779197693
([715], [885]) 0.3498721718788147
([716], [886, 887]) 0.4276445508003235
([717], [888, 889]) 0.491607666015625
([718], [890, 891]) 0.3817819356918335
([719], [892, 893]) 0.4116041660308838
([720], [894]) 0.6219909191131592
([721], [895]) 0.1803799867630005
([722], [896]) 0.5782555341720581
([723], [897]) 0.43743690848350525
([724], [898, 899]) 0.4270149767398834
([725], [900]) 0.3936290740966797
([726], [901]) 0.6945416927337646
([727], [902, 903]) 0.4342711865901947
([728], [904]) 0.5146738290786743
([729], [905]) 0.3513869643211365
([730], [906]) 0.7536768913269043
([731], [907, 908]) 0.655103862285614
([732], [909]) 0.4306950271129608
([733, 734], [910]) 0.3242172598838806
([735], [911, 912, 913]) 0.3707882563273112
([736], [914]) 0.4065752625465393
([737], [915]) 0.5619431138038635
([738], [916, 917]) 0.5266343951225281
([739], [918]) 0.5317977070808411
([740, 741], [919]) 0.4297269880771637
([742], [920, 921]) 0.5184923410415649
([743], [922, 923, 924]) 0.40399452050526935
([744], [925, 926, 927]) 0.35935835043589276
([745], [928, 929]) 0.47767627239227295
([746], [930]) 0.6523711681365967
([747], [931, 932]) 0.4939829409122467
([748], [933, 934, 935]) 0.5163373152414957
([749], [936, 937]) 0.40830495953559875
([750], [938]) 0.38717323541641235
([751], [939]) 0.5786696076393127
([752], [940, 941]) 0.546450674533844
([753], [942]) 0.4192965030670166
([754], [943, 944]) 0.3472019135951996
([755], [945]) 0.6969056129455566
([756, 757], [946]) 0.5499286651611328
([758], [947, 948, 949]) 0.26941267649332684
([759], [950, 951, 952]) 0.37674744923909503
([760], [953]) 0.2999546229839325
([761], [954]) 0.4578384459018707
([762], [955]) 0.3749147951602936
([763], [956]) 0.5944066643714905
([764], [957]) 0.6025241017341614
([765], [958, 959]) 0.30061209201812744
([766], [960]) 0.49295803904533386
([767], [961]) 0.5087783932685852
([768], [962]) 0.5466736555099487
([769], [963]) 0.3414417803287506
([770], [964]) 0.4483707547187805
([771, 772], [965]) 0.2950996160507202
([773], [966]) 0.32821470499038696
([774], [967]) 0.41744929552078247
([775], [968, 969, 970]) 0.44729578495025635
([776], [971, 972]) 0.4812777042388916
([777], [973]) 0.30500829219818115
([778], [974, 975]) 0.4246457517147064
([779], [976, 977, 978]) 0.5627718766530355
([780], [979, 980]) 0.4411606192588806
([781], [981, 982]) 0.44997939467430115
([782], [983, 984, 985]) 0.5139036973317465
([783], [986, 987]) 0.5322535037994385
([784], [988, 989]) 0.49774882197380066
([785], [990]) 0.6225408315658569
([786], [991, 992, 993, 994, 995]) 0.5091095924377441
([787], [996]) 0.7525374293327332
([788], [997, 998]) 0.4372067451477051
([789], [999]) 0.5908993482589722
([790], [1000, 1001]) 0.445681631565094
([791], [1002]) 0.254206120967865
([792], [1003]) 0.41900068521499634
([793], [1004]) 0.2726179361343384
([794], [1005]) 0.5709930658340454
([795], [1006]) 0.25293055176734924
([796], [1007]) 0.3354243338108063
([797], [1008, 1009]) 0.49100905656814575
([798], [1010]) 0.8933278918266296
([799], [1011]) 0.34824585914611816
([800], [1012]) 0.41345518827438354
([801], [1013]) 0.4625861346721649
([802], [1014]) 0.48615726828575134
([803], [1015]) 0.7084399461746216
([804], [1016]) 0.5741317868232727
([805], [1017]) 0.6256592869758606
([806], [1018]) 0.4831424653530121
([807], [1019]) 0.46001550555229187
([808], [1020]) 0.6044764518737793
([809], [1021]) 0.4526926577091217
([810], [1022, 1023, 1024]) 0.4021887381871541
([811], [1025]) 0.9366500973701477
([812], [1026]) 0.5218963027000427
([813], [1027, 1028]) 0.6294295191764832
([814], [1029]) 0.5650469064712524
([815], [1030]) 0.6518294215202332
([816], [1031]) 0.4710286557674408
([817], [1032]) 0.6507796049118042
([818], [1033]) 0.474151611328125
([819], [1034]) 0.4141806662082672
([820], [1035]) 0.722750186920166
([821], [1036]) 0.6936231851577759
([822], [1037, 1038]) 0.581678032875061
([823], [1039]) 0.5291452407836914
([824], [1040]) 0.5477229356765747
([825], [1041]) 0.5680880546569824
([826], [1042]) 0.49399474263191223
([827], [1043]) 0.42563068866729736
([828], [1044]) 0.550559937953949
([829], [1045]) 0.447710245847702
([830], [1046]) 0.48712795972824097
([831], [1047]) 0.4633564054965973
([832], [1048]) 0.2988872528076172
([833], [1049]) 0.645610511302948
([834], [1050]) 0.4392869174480438
([835], [1051]) 0.6892688274383545
([836], [1052, 1053]) 0.5671224594116211
([837], [1054]) 0.54350745677948
([838], [1055, 1056, 1057]) 0.34928786754608154
([839], [1058, 1059, 1060]) 0.4349953730901082
([840], [1061]) 0.8757839202880859
([841], [1062]) 0.5029007196426392
([842], [1063, 1064]) 0.5430042743682861
([843], [1065]) 0.519250214099884
([844], [1066]) 0.7196923494338989
([845], [1067, 1068, 1069, 1070, 1071]) 0.5252758979797363
([846], [1072]) 0.3648722767829895
([847], [1073, 1074, 1075, 1076]) 0.32122373580932617
([848], [1077]) 0.3404082655906677
([849], [1078, 1079, 1080, 1081, 1082, 1083]) 0.27747541666030884
([850], [1084]) 0.8575160503387451
([851], [1085]) 0.8610159754753113
([852], [1086]) 0.7514957785606384
([853], [1087, 1088, 1089]) 0.3828897873560588
([854], [1090]) 0.50827956199646
([855], [1091]) 0.6869794726371765
([856], [1092, 1093, 1094]) 0.48500557740529376
([857], [1095, 1096]) 0.44307848811149597
([858], [1097, 1098]) 0.587118923664093
([859], [1099, 1100]) 0.5603755116462708
([860], [1101]) 0.49412935972213745
([861], [1102]) 0.7355160713195801
([862], [1103, 1104]) 0.4888344705104828
([863], [1105]) 0.47703856229782104
([864], [1106]) 0.5022318959236145
([865], [1107, 1108, 1109]) 0.5135822296142578
([866], [1110]) 0.7994340062141418
([867], [1111]) 0.44636833667755127
([868, 869], [1112]) 0.38735052943229675
([870], [1113]) 0.4040788412094116
([871], [1114]) 0.5834468603134155
([872], [1115, 1116]) 0.5752435922622681
([873], [1117]) 0.4832320213317871
([874], [1118, 1119]) 0.4008152186870575
([875], [1120]) 0.47374942898750305
([876], [1121]) 0.6756495237350464
([877], [1122]) 0.45336243510246277
([878], [1123]) 0.6721883416175842
([879, 880], [1124]) 0.42907676100730896
([881], [1125]) 0.7762783169746399
([882], [1126]) 0.40814757347106934
([883], [1127]) 0.2796139717102051
([884], [1128]) 0.617218017578125
([885, 886], [1129]) 0.40309426188468933
([887], [1130]) 0.3203074336051941
([888], [1131]) 0.4189714789390564
([889], [1132]) 0.2581704258918762
([890], [1133]) 0.2778688669204712
([891], [1134]) 0.24742089211940765
([892], [1135]) 0.39777088165283203
([893], [1136]) 0.2917405664920807
([894], [1137, 1138]) 0.5084167718887329
([895], [1139]) 0.37614986300468445
([896], [1140]) 0.3788575232028961
([897], [1141]) 0.3859873414039612
([898], [1142]) 0.6089270710945129
([899], [1143, 1144]) 0.4503472149372101
([900], [1145, 1146]) 0.431946724653244
([901], [1147]) 0.412604421377182
([902], [1148, 1149]) 0.5232151746749878
([903], [1150]) 0.6564337611198425
([904], [1151]) 0.4004795253276825
([905], [1152]) 0.4132394790649414
([906], [1153]) 0.46477481722831726
([907], [1154]) 0.6465793251991272
([908], [1155]) 0.420615553855896
([909], [1156, 1157]) 0.46554726362228394
([910], [1158]) 0.4173411428928375
([911], [1159]) 0.3593224585056305
([912], [1160]) 0.46825921535491943
([913], [1161]) 0.5719304084777832
([914], [1162, 1163]) 0.48862066864967346
([915], [1164, 1165]) 0.6100243330001831
([916], [1166]) 0.6217147707939148
([917], [1167, 1168]) 0.3013438284397125
([918, 919], [1169]) 0.629374086856842
([920], [1170]) 0.28444039821624756
([921], [1171]) 0.7574610710144043
([922], [1172, 1173]) 0.4676946699619293
([923], [1174]) 0.43715474009513855
([924], [1175]) 0.4604908227920532
([925], [1176]) 0.45814335346221924
([926], [1177]) 0.6016448140144348
([927], [1178]) 0.7277640104293823
([928], [1179, 1180]) 0.45625510811805725
([929], [1181, 1182]) 0.5565897226333618
([930], [1183]) 0.28981444239616394
([931], [1184]) 0.3631179928779602
([932], [1185]) 0.4804612696170807
([933], [1186]) 0.45411089062690735
([934], [1187]) 0.47654637694358826
([935], [1188]) 0.5474851131439209
([936], [1189]) 0.5007040500640869
([937], [1190]) 0.4524969756603241
([938], [1191]) 0.6686833500862122
([939], [1192]) 0.2925211489200592
([940], [1193, 1194]) 0.24852286279201508
([941], [1195]) 0.2315947413444519
([942], [1196]) 0.35749122500419617
([943], [1197]) 0.4046437442302704
([944], [1198, 1199]) 0.1820986568927765
([945], [1200]) 0.44417640566825867
([946], [1201]) 0.6057406663894653
([947], [1202, 1203]) 0.23190197348594666
([948], [1204]) 0.5202182531356812
([949], [1205]) 0.4667493402957916
([950, 951], [1206]) 0.35802024602890015
([952], [1207]) 0.42868226766586304
([953], [1208]) 0.4539032280445099
([954], [1209]) 0.24510569870471954
([955], [1210]) 0.3455706536769867
([956], [1211]) 0.2919237017631531
([957], [1212]) 0.20428726077079773
([958], [1213]) 0.29528045654296875
([959], [1214]) 0.26802751421928406
([960], [1215]) 0.42630308866500854
([961], [1216]) 0.38587161898612976
([962], [1217]) 0.27205076813697815
([963], [1218]) 0.3964751958847046
([964], [1219]) 0.2913675606250763
([965], [1220]) 0.2237977236509323
([966], [1221]) 0.3518943786621094
([967], [1222]) 0.21222993731498718
([968], [1223]) 0.3637315630912781
([969], [1224]) 0.5165749192237854
([970], [1225, 1226, 1227]) 0.4258124828338623
([971], [1228]) 0.35551169514656067
([972], [1229]) 0.6328600645065308
([973], [1230]) 0.36879825592041016
([974], [1231]) 0.22254367172718048
([975], [1232]) 0.47378453612327576
([976], [1233]) 0.3200046420097351
([977], [1234]) 0.3720032274723053
([978], [1235, 1236]) 0.286499559879303
([979], [1237]) 0.3344821333885193
([980], [1238, 1239]) 0.40667447447776794
([981], [1240]) 0.5391892790794373
([982], [1241]) 0.29239529371261597
([983], [1242]) 0.24772214889526367
([984], [1243]) 0.692656934261322
([985], [1244]) 0.35242047905921936
([986], [1245]) 0.21194107830524445
([987, 988], [1246]) 0.2753733992576599
([989], [1247]) 0.41651636362075806
([990], [1248]) 0.42739686369895935
([991], [1249, 1250]) 0.41350165009498596
([992], [1251]) 0.45488879084587097
([993], [1252, 1253]) 0.3375782072544098
([994], [1254]) 0.41172146797180176
([995], [1255]) 0.2876763939857483
([996], [1256]) 0.3228421211242676
([997], [1257]) 0.4298982620239258
([998, 999], [1258]) 0.6520352959632874
