([0], [0]) 0.7982401847839355
([1, 2], [1]) 0.5230711102485657
([3], [2]) 0.6485404372215271
([4, 5], [3]) 0.4736974537372589
([6, 7, 8], [4]) 0.34516747792561847
([9], [5]) 0.6530466675758362
([10], [6]) 0.47512689232826233
([11, 12], [7]) 0.4199528694152832
([13], [8]) 0.38239872455596924
([14, 15], [9]) 0.40667521953582764
([16, 17, 18, 19, 20, 21], [10]) 0.5237940549850464
([22, 23, 24, 25], [11]) 0.39671769738197327
([26, 27, 28], [12]) 0.5948169628779093
([29], [13]) 0.3256876468658447
([30], [14]) 0.3375519812107086
([31], [15]) 0.5179423689842224
([32, 33], [16]) 0.3334864377975464
([34], [17, 18]) 0.4393359422683716
([35, 36], [19]) 0.6177812218666077
([37], [20]) 0.45174267888069153
([38], [21]) 0.3429710865020752
([39, 40, 41], [22]) 0.35408910115559894
([42], [23]) 0.3107747733592987
([43, 44], [24]) 0.4224962890148163
([45], [25]) 0.5183736085891724
([46], [26]) 0.40184688568115234
([47, 48, 49, 50, 51], [27]) 0.4058539867401123
([52, 53, 54, 55, 56, 57, 58], [28]) 0.3451888220650809
([59], [29]) 0.5154231786727905
([60], [30, 31]) 0.5039213299751282
([61], [32]) 0.766927182674408
([62, 63, 64], [33]) 0.4766898552576701
([65], [34]) 0.7758093476295471
([66], [35]) 0.7123056650161743
([67], [36]) 0.41600361466407776
([68], [37]) 0.3288498520851135
([69, 70], [38]) 0.47662317752838135
([71, 72], [39]) 0.2907114028930664
([73, 74], [40]) 0.7537566423416138
([75, 76], [41]) 0.24939784407615662
([77], [42]) 0.5311322212219238
([78], [43]) 0.5467861294746399
([79], [44]) 0.5972259640693665
([80], [45]) 0.5321500301361084
([81], [46]) 0.46801668405532837
([82, 83], [47]) 0.4522554576396942
([84], [48]) 0.6337735056877136
([85, 86], [49]) 0.4057503342628479
([87], [50]) 0.9117868542671204
([88], [51]) 0.3876981735229492
([89, 90], [52]) 0.401100218296051
([91], [53]) 0.4527735412120819
([92], [54]) 0.3229227066040039
([93], [55]) 0.4584587514400482
([94], [56]) 0.3536392152309418
([95, 96], [57]) 0.6258730888366699
([97], [58]) 0.55262291431427
([98, 99], [59]) 0.432958722114563
([100], [60]) 0.6951004266738892
([101], [61]) 0.6468579769134521
([102], [62]) 0.5893363952636719
([103], [63]) 0.7057924866676331
([104], [64]) 0.531848669052124
([105], [65]) 0.5104718208312988
([106], [66]) 0.5878386497497559
([107], [67]) 0.4470630884170532
([108], [68]) 0.659841001033783
([109], [69]) 0.4361417889595032
([110], [70]) 0.4616602063179016
([111], [71]) 0.7351927757263184
([112], [72]) 0.6321948170661926
([113, 114, 115], [73]) 0.553809404373169
([116], [74]) 0.6756410002708435
([117], [75]) 0.33060187101364136
([118], [76]) 0.3617018163204193
([119], [77, 78]) 0.4989301860332489
([120], [79]) 0.4415082335472107
([121, 122], [80]) 0.3344057500362396
([123], [81]) 0.5788153409957886
([124], [82]) 0.3074882924556732
([125], [83]) 0.33761754631996155
([126, 127], [84]) 0.45357027649879456
([128], [85]) 0.3240683972835541
([129], [86]) 0.3164920508861542
([130, 131, 132, 133], [87]) 0.3770315945148468
([134], [88]) 0.2519034743309021
([135], [89]) 0.3199516832828522
([136], [90]) 0.5295774340629578
([137], [91]) 0.4111500084400177
([138], [92]) 0.2695550322532654
([139], [93, 94]) 0.3748820424079895
([140, 141], [95]) 0.28395867347717285
([142], [96]) 0.3054391145706177
([143, 144], [97]) 0.2793130874633789
([145], [98]) 0.2935408353805542
([146], [99]) 0.31059789657592773
([147, 148], [100]) 0.38625842332839966
([149], [101]) 0.3818991780281067
([150], [102]) 0.6775326132774353
([151, 152, 153, 154], [103]) 0.27568861842155457
([155], [104]) 0.2756617069244385
([156], [105]) 0.46600350737571716
([157, 158], [106]) 0.5962154865264893
([159], [107]) 0.5338798761367798
([160], [108]) 0.5050106048583984
([161, 162], [109]) 0.1784612536430359
([163, 164], [110]) 0.4544493854045868
([165, 166], [111]) 0.3600010573863983
([167, 168], [112]) 0.4745583236217499
([169], [113]) 0.4001903533935547
([170], [114]) 0.5276612639427185
([171], [115]) 0.4659044146537781
([172, 173], [116]) 0.6245749592781067
([174], [117]) 0.7162636518478394
([175], [118, 119]) 0.40580400824546814
([176], [120]) 0.5841584205627441
([177], [121]) 0.6653417944908142
([178, 179], [122]) 0.48940378427505493
([180], [123]) 0.4984804093837738
([181], [124]) 0.5492001175880432
([182], [125]) 0.43020549416542053
([183, 184, 185, 186], [126]) 0.434634804725647
([187, 188], [127]) 0.4246967136859894
([189], [128]) 0.5321259498596191
([190], [129]) 0.53952956199646
([191], [130]) 0.7095418572425842
([192], [131]) 0.49182334542274475
([193], [132]) 0.5501272082328796
([194], [133]) 0.578376293182373
([195, 196], [134]) 0.52534419298172
([197], [135]) 0.48660603165626526
([198], [136]) 0.5104392766952515
([199], [137]) 0.42938724160194397
([200, 201], [138]) 0.5740779042243958
([202], [139]) 0.33969831466674805
([203], [140]) 0.4023154675960541
([204], [141]) 0.4125324487686157
([205, 206, 207, 208], [142]) 0.63002610206604
([209], [143]) 0.44822272658348083
([210], [144]) 0.4884365499019623
([211], [145]) 0.6515805125236511
([212, 213], [146]) 0.3699732720851898
([214, 215, 216], [147]) 0.36877111593882245
([217], [148]) 0.3841738998889923
([218], [149]) 0.5824112296104431
([219, 220], [150]) 0.5084424018859863
([221, 222, 223, 224, 225], [151]) 0.47916078567504883
([226, 227, 228, 229, 230], [152]) 0.443104887008667
([231], [153]) 0.5997112393379211
([232, 233], [154]) 0.45529869198799133
([234], [155]) 0.5073537230491638
([235], [156]) 0.6829615831375122
([236], [157]) 0.4694356620311737
([237, 238], [158]) 0.47244712710380554
([239, 240], [159]) 0.3856036067008972
([241], [160]) 0.417186975479126
([242], [161]) 0.4512307941913605
([243], [162]) 0.6752700209617615
([244, 245], [163]) 0.4837966561317444
([246], [164]) 0.661510705947876
([247], [165]) 0.8004738092422485
([248], [166]) 0.36401501297950745
([249], [167]) 0.6700634360313416
([250], [168]) 0.3495359420776367
([251, 252], [169]) 0.5376105308532715
([253], [170]) 0.4690015912055969
([254], [171]) 0.4226503074169159
([255, 256], [172]) 0.5413202047348022
([257], [173]) 0.5120617747306824
([258], [174, 175]) 0.28218814730644226
([259], [176]) 0.45936688780784607
([260, 261, 262, 263], [177]) 0.4700985550880432
([264], [178, 179]) 0.5719309449195862
([265], [180]) 0.5320532917976379
([266], [181]) 0.5483363270759583
([267, 268], [182]) 0.5011923909187317
([269], [183]) 0.476071834564209
([270], [184]) 0.5660266280174255
([271], [185]) 0.5879099369049072
([272], [186]) 0.7331728339195251
([273, 274], [187]) 0.6178618669509888
([275], [188]) 0.4122140109539032
([276], [189]) 0.4914494752883911
([277], [190]) 0.62386155128479
([278], [191]) 0.6819718480110168
([279], [192]) 0.4517443776130676
([280], [193]) 0.6333392858505249
([281], [194]) 0.6308973431587219
([282], [195]) 0.6883974671363831
([283, 284, 285], [196]) 0.5215434233347574
([286], [197]) 0.5860475897789001
([287], [198]) 0.3457958996295929
([288, 289], [199]) 0.48834002017974854
([290], [200]) 0.6535535454750061
([291, 292, 293], [201]) 0.34838175773620605
([294], [202]) 0.32325953245162964
([295], [203]) 0.6538904905319214
([296], [204]) 0.46642157435417175
([297], [205]) 0.44315576553344727
([298], [206]) 0.608890175819397
([299, 300], [207]) 0.28224045038223267
([301], [208]) 0.278819739818573
([302, 303, 304], [209]) 0.35564184188842773
([305], [210]) 0.741885781288147
([306, 307], [211]) 0.5792853832244873
([308], [212]) 0.5736856460571289
([309], [213]) 0.5151381492614746
([310], [214]) 0.7797955274581909
([311], [215]) 0.5941019058227539
([312], [216]) 0.5030985474586487
([313], [217]) 0.6336198449134827
([314], [218]) 0.5847630500793457
([315], [219, 220]) 0.5382115840911865
([316], [221]) 0.35708314180374146
([317], [222]) 0.3490663468837738
([318, 319], [223]) 0.2522013187408447
([320], [224]) 0.5784953236579895
([321], [225]) 0.6820951104164124
([322], [226]) 0.33335360884666443
([323], [227]) 0.6560701131820679
([324, 325], [228]) 0.4338541328907013
([326], [229, 230]) 0.6336654424667358
([327], [231]) 0.37576642632484436
([328], [232]) 0.543850302696228
([329], [233]) 0.46855297684669495
([330], [234]) 0.3629987835884094
([331], [235]) 0.5891748666763306
([332, 333, 334], [236]) 0.42247140407562256
([335], [237]) 0.36419183015823364
([336], [238]) 0.7497156262397766
([337], [239]) 0.5445541143417358
([338, 339], [240]) 0.42330050468444824
([340], [241]) 0.47612646222114563
([341, 342, 343], [242]) 0.54866623878479
([344], [243]) 0.3733762800693512
([345], [244]) 0.4989214837551117
([346], [245]) 0.4259260594844818
([347], [246]) 0.5701889991760254
([348], [247]) 0.49886929988861084
([349], [248]) 0.5628836750984192
([350], [249]) 0.7555659413337708
([351], [250]) 0.6841533780097961
([352], [251]) 0.6461522579193115
([353], [252]) 0.6462231278419495
([354], [253]) 0.32988137006759644
([355, 356, 357, 358], [254]) 0.37783753871917725
([359], [255]) 0.6477289199829102
([360], [256]) 0.6175153255462646
([361], [257]) 0.37433481216430664
([362], [258]) 0.37310606241226196
([363], [259]) 0.5154842734336853
([364], [260]) 0.37558889389038086
([365], [261]) 0.627407968044281
([366], [262]) 0.5198166966438293
([367, 368, 369], [263]) 0.658581813176473
([370, 371], [264]) 0.37573203444480896
([372, 373], [265]) 0.5310567617416382
([374], [266]) 0.4206465780735016
([375, 376, 377], [267]) 0.34433309237162274
([378], [268]) 0.43558287620544434
([379], [269]) 0.5686626434326172
([380], [270]) 0.4792005717754364
([381], [271]) 0.591038703918457
([382, 383], [272]) 0.5972904562950134
([384], [273]) 0.44995221495628357
([385], [274]) 0.44100481271743774
([386], [275]) 0.7427724003791809
([387], [276]) 0.574124813079834
([388], [277]) 0.6424295902252197
([389], [278, 279]) 0.3319013714790344
([390], [280]) 0.5344432592391968
([391, 392, 393], [281]) 0.5992441177368164
([394], [282]) 0.8777052760124207
([395], [283]) 0.33281299471855164
([396], [284]) 0.515943169593811
([397], [285]) 0.5377077460289001
([398], [286]) 0.8233128786087036
([399], [287, 288]) 0.6158047318458557
([400, 401, 402], [289]) 0.4626959164937337
([403], [290]) 0.5511181354522705
([404], [291]) 0.22017806768417358
([405], [292]) 0.6847370862960815
([406, 407], [293]) 0.4636181890964508
([408], [294]) 0.6728209257125854
([409], [295]) 0.34466058015823364
([410], [296]) 0.46748706698417664
([411], [297]) 0.32188284397125244
([412, 413], [298]) 0.3224340081214905
([414], [299]) 0.5408944487571716
([415], [300]) 0.46275508403778076
([416], [301]) 0.5193265080451965
([417, 418], [302]) 0.2547479569911957
([419], [303]) 0.6667982339859009
([420], [304]) 0.297320693731308
([421], [305]) 0.7307814955711365
([422, 423], [306]) 0.42233923077583313
([424], [307]) 1.0467480421066284
([425], [308]) 0.4547945559024811
([426], [309]) 0.434532105922699
([427], [310]) 0.5387262105941772
([428, 429], [311]) 0.28865668177604675
([430, 431], [312]) 0.3092866837978363
([432], [313]) 0.45145705342292786
([433], [314]) 0.7332504391670227
([434], [315]) 0.7628175616264343
([435], [316]) 0.7127165198326111
([436], [317]) 0.7510899305343628
([437], [318]) 0.7258663773536682
([438, 439, 440, 441], [319]) 0.41190654039382935
([442, 443], [320]) 0.48140576481819153
([444], [321]) 0.5439139604568481
([445], [322]) 0.6457791924476624
([446], [323]) 0.7469891905784607
([447], [324]) 0.5275291800498962
([448], [325]) 0.4919222891330719
([449, 450], [326]) 0.4720206558704376
([451], [327]) 0.551949143409729
([452], [328]) 0.6215766668319702
([453, 454], [329]) 0.4715130627155304
([455], [330]) 0.587601363658905
([456], [331]) 0.5260380506515503
([457], [332]) 0.839126706123352
([458], [333]) 0.2919330596923828
([459], [334]) 0.26383334398269653
([460], [335]) 0.47473087906837463
([461, 462], [336]) 0.7072041034698486
([463], [337]) 0.6827676892280579
([464, 465, 466], [338]) 0.44402817885080975
([467], [339]) 0.2999318838119507
([468], [340]) 0.6194249987602234
([469], [341]) 0.4258088767528534
([470], [342]) 0.3143271803855896
([471], [343]) 0.6607535481452942
([472, 473], [344]) 0.33993765711784363
([474, 475], [345]) 0.5395933389663696
([476], [346]) 0.5666033029556274
([477], [347]) 0.6908108592033386
([478], [348]) 0.601997435092926
([479, 480], [349]) 0.5251451134681702
([481], [350]) 0.40175944566726685
([482], [351]) 0.6587162613868713
([483], [352]) 0.5721874237060547
([484], [353]) 0.5349347591400146
([485], [354]) 0.5003116726875305
([486], [355]) 0.5774717926979065
([487], [356]) 0.22676949203014374
([488], [357, 358]) 0.6739503741264343
([489], [359]) 0.5673679709434509
([490], [360]) 0.6421778202056885
([491], [361]) 0.7181978821754456
([492], [362]) 0.5075600743293762
([493], [363]) 0.8241967558860779
([494], [364]) 0.6312649846076965
([495, 496], [365]) 0.40507665276527405
([497], [366]) 0.5374771952629089
([498], [367]) 0.6863918304443359
([499], [368, 369]) 0.6970890164375305
([500], [370]) 0.5817440152168274
([501, 502], [371]) 0.4187210202217102
([503], [372]) 0.38603702187538147
([504], [373, 374]) 0.33861681818962097
([505], [375]) 0.5326094627380371
([506], [376]) 0.6233293414115906
([507, 508, 509], [377]) 0.47480277220408124
([510, 511], [378]) 0.48337051272392273
([512], [379]) 0.6805127263069153
([513], [380]) 0.3694334328174591
([514], [381]) 0.5932673811912537
([515], [382]) 0.6362907290458679
([516, 517], [383]) 0.4468957483768463
([518], [384]) 0.3685149848461151
([519], [385]) 0.6397911310195923
([520, 521], [386]) 0.5921059250831604
([522], [387]) 0.5413047075271606
([523], [388]) 0.39023301005363464
([524], [389]) 0.36295032501220703
([525], [390]) 0.8880828619003296
([526], [391]) 0.9105151891708374
([527], [392]) 0.6516218185424805
([528], [393]) 0.6035488247871399
([529], [394]) 0.41671207547187805
([530], [395]) 0.8575134873390198
([531], [396]) 0.6288025379180908
([532], [397]) 0.5197429060935974
([533], [398]) 0.6523035764694214
([534], [399]) 0.4648100435733795
([535, 536, 537, 538], [400]) 0.4269331395626068
([539], [401]) 0.709281325340271
([540], [402, 403]) 0.6264908313751221
([541], [404]) 0.5878590941429138
([542], [405]) 0.5609815120697021
([543], [406, 407]) 0.3929463028907776
([544], [408]) 0.4260634481906891
([545], [409]) 0.19610799849033356
([546], [410]) 0.5822647213935852
([547, 548, 549], [411]) 0.5167599121729533
([550], [412]) 0.5887964367866516
([551], [413]) 0.30227237939834595
([552, 553], [414]) 0.4653279185295105
([554, 555], [415]) 0.43762609362602234
([556, 557, 558], [416]) 0.4443398714065552
([559], [417]) 0.5672426223754883
([560], [418]) 0.7539727687835693
([561], [419]) 0.3581209182739258
([562], [420]) 0.6678510904312134
([563], [421]) 0.5022808313369751
([564], [422]) 0.5249922871589661
([565, 566], [423]) 0.49505171179771423
([567], [424]) 0.6504375338554382
([568], [425]) 0.5241419076919556
([569], [426]) 0.4478533864021301
([570], [427]) 0.4736727178096771
([571, 572, 573, 574], [428]) 0.4076693058013916
([575], [429]) 0.5257614850997925
([576], [430, 431]) 0.5257476568222046
([577], [432]) 0.4976896643638611
([578], [433]) 0.5388935804367065
([579], [434]) 0.7585142850875854
([580], [435]) 0.6620649099349976
([581], [436, 437]) 0.30224114656448364
([582], [438]) 0.4664181172847748
([583], [439]) 0.6798124313354492
([584], [440]) 0.3299441337585449
([585, 586], [441]) 0.31192073225975037
([587, 588, 589], [442]) 0.5340497493743896
([590, 591], [443]) 0.49497056007385254
([592], [444]) 0.6454151272773743
([593], [445]) 0.5107510685920715
([594], [446]) 0.32932040095329285
([595], [447]) 0.3731022775173187
([596, 597], [448]) 0.47824662923812866
([598], [449]) 0.49403783679008484
([599], [450]) 0.30343833565711975
([600], [451]) 0.6527822017669678
([601], [452]) 0.711708664894104
([602], [453]) 0.519300639629364
([603], [454]) 0.7082447409629822
([604], [455]) 0.46171969175338745
([605], [456]) 0.46255728602409363
([606], [457]) 0.7229052186012268
([607, 608], [458]) 0.3374832272529602
([609], [459]) 0.3141385018825531
([610, 611], [460]) 0.6688101291656494
([612], [461]) 1.1269967555999756
([613, 614], [462]) 0.4571740925312042
([615], [463]) 0.6653338670730591
([616, 617, 618], [464]) 0.30218841632207233
([619], [465]) 0.3072894811630249
([620], [466]) 0.6886416077613831
([621], [467]) 0.5182507634162903
([622], [468]) 0.4212726950645447
([623], [469]) 0.6788724064826965
([624], [470]) 0.5544925928115845
([625, 626], [471]) 0.5340102314949036
([627], [472]) 0.37138631939888
([628], [473]) 0.6451578736305237
([629, 630], [474]) 0.5087054967880249
([631], [475]) 0.4421866536140442
([632, 633], [476]) 0.5860816240310669
([634], [477]) 0.5559676289558411
([635], [478]) 0.46450507640838623
([636], [479]) 0.2956480085849762
([637], [480]) 0.46448245644569397
([638], [481]) 0.7860127091407776
([639], [482]) 0.526182234287262
([640], [483]) 0.5553675889968872
([641], [484]) 0.6424575448036194
([642], [485]) 0.4146844148635864
([643], [486, 487]) 0.6048547625541687
([644], [488]) 0.3976011276245117
([645], [489]) 0.6255156993865967
([646], [490]) 0.5465908646583557
([647], [491]) 0.7732706069946289
([648], [492]) 0.7335851192474365
([649, 650, 651], [493]) 0.46199023723602295
([652], [494]) 0.7195079326629639
([653], [495]) 0.7050142884254456
([654], [496]) 0.5514382123947144
([655], [497]) 0.6457197666168213
([656], [498]) 0.4269576668739319
([657], [499]) 0.6568998694419861
([658], [500]) 0.5851407051086426
([659, 660], [501]) 0.6513590812683105
([661, 662], [502]) 0.6394424438476562
([663], [503]) 0.6897062063217163
([664], [504]) 0.4394426643848419
([665], [505]) 0.5633415579795837
([666, 667, 668], [506]) 0.41305383046468097
([669], [507]) 0.68363356590271
([670], [508]) 0.6607182621955872
([671, 672], [509]) 0.44689396023750305
([673], [510]) 0.38652974367141724
([674], [511]) 0.5296527147293091
([675, 676], [512]) 0.563120424747467
([677], [513]) 0.6417233347892761
([678, 679], [514]) 0.43203607201576233
([680], [515]) 0.6610449552536011
([681], [516]) 0.5011909604072571
([682], [517]) 0.43675845861434937
([683], [518]) 0.33223870396614075
([684], [519]) 0.7118915915489197
([685, 686], [520]) 0.6756100058555603
([687], [521]) 0.5058725476264954
([688], [522]) 0.7012759447097778
([689], [523]) 0.6348468065261841
([690], [524]) 0.4110307991504669
([691], [525]) 0.6785644292831421
([692], [526]) 0.44537317752838135
([693], [527]) 0.9044822454452515
([694], [528]) 0.6430118083953857
([695], [529]) 0.5587220788002014
([696], [530]) 0.5176040530204773
([697], [531]) 0.653027355670929
([698, 699], [532]) 0.41931113600730896
([700, 701], [533]) 0.460502952337265
([702], [534]) 0.6496161818504333
([703, 704], [535]) 0.5319502949714661
([705], [536]) 0.7010971903800964
([706], [537]) 0.6596546173095703
([707], [538]) 0.2840861678123474
([708], [539]) 0.6755311489105225
([709], [540]) 0.6791450381278992
([710], [541]) 0.2938324511051178
([711, 712], [542]) 0.48443710803985596
([713], [543]) 0.5086604356765747
([714], [544]) 0.5419660210609436
([715], [545]) 0.6042970418930054
([716], [546]) 0.31670939922332764
([717], [547]) 0.4310435652732849
([718], [548]) 0.5549768805503845
([719, 720], [549]) 0.5182355046272278
([721], [550]) 0.6813564300537109
([722], [551]) 0.558201014995575
([723, 724], [552]) 0.5347228646278381
([725, 726, 727], [553]) 0.5485785404841105
([728, 729], [554]) 0.33123478293418884
([730, 731], [555]) 0.44960635900497437
([732], [556]) 0.5809625387191772
([733, 734], [557]) 0.5719488263130188
([735], [558]) 0.6873776912689209
([736], [559]) 0.7929801344871521
([737, 738, 739], [560]) 0.36144232749938965
([740], [561]) 0.615300178527832
([741], [562]) 0.6075831055641174
([742], [563]) 0.6498215794563293
([743], [564]) 0.45038360357284546
([744], [565]) 0.5456685423851013
([745, 746], [566]) 0.3578842878341675
([747], [567]) 0.3528963625431061
([748], [568]) 0.8091979622840881
([749], [569]) 0.5878462195396423
([750], [570]) 0.5635537505149841
([751], [571]) 0.6810064315795898
([752], [572]) 0.46890807151794434
([753], [573]) 0.5952984690666199
([754], [574]) 0.829294741153717
([755], [575]) 0.541024923324585
([756], [576]) 0.9191691875457764
([757, 758], [577]) 0.36864566802978516
([759], [578]) 0.3932158052921295
([760], [579]) 0.41863903403282166
([761], [580]) 0.32347893714904785
([762], [581]) 0.40668365359306335
([763, 764], [582]) 0.5072011947631836
([765], [583]) 0.4152374565601349
([766], [584]) 0.4693432152271271
([767], [585]) 0.5613885521888733
([768], [586]) 0.4677513539791107
([769], [587]) 0.3127048909664154
([770], [588]) 0.6653423309326172
([771, 772], [589]) 0.5722852945327759
([773], [590]) 0.5839895009994507
([774], [591]) 0.8368211388587952
([775, 776], [592]) 0.5577160120010376
([777], [593]) 0.436708003282547
([778], [594]) 0.7682796120643616
([779], [595]) 0.5030465126037598
([780], [596]) 0.49169325828552246
([781], [597]) 0.19923925399780273
([782], [598]) 0.5228776931762695
([783], [599]) 0.4790076017379761
([784, 785], [600]) 0.43778273463249207
([786], [601]) 0.5912250280380249
([787, 788], [602]) 0.5674865245819092
([789], [603]) 0.43486452102661133
([790], [604]) 0.5466679334640503
([791], [605]) 0.6055377125740051
([792], [606]) 0.6869410872459412
([793], [607]) 0.7553543448448181
([794], [608]) 0.3303753435611725
([795], [609]) 0.6545577049255371
([796], [610]) 0.6483864188194275
([797], [611]) 0.38844048976898193
([798], [612]) 0.7962198853492737
([799], [613]) 0.800485372543335
([800], [614]) 0.5651493668556213
([801], [615]) 0.3233256936073303
([802], [616]) 0.571895182132721
([803], [617]) 0.2937619388103485
([804], [618]) 0.8525312542915344
([805], [619]) 0.7532033324241638
([806], [620]) 0.2543480098247528
([807, 808], [621]) 0.4731670916080475
([809], [622]) 0.7651796340942383
([810], [623]) 0.3194725513458252
([811], [624]) 0.47993889451026917
([812], [625]) 0.7043066620826721
([813], [626]) 0.8390649557113647
([814], [627]) 0.38595423102378845
([815], [628]) 0.6040507555007935
([816], [629]) 0.5427919030189514
([817], [630]) 0.7912193536758423
([818], [631]) 0.44044312834739685
([819], [632]) 0.6320860385894775
([820], [633]) 0.5161839723587036
([821, 822, 823, 824], [634]) 0.572483241558075
([825], [635]) 0.3953922688961029
([826, 827, 828, 829], [636]) 0.44790828227996826
([830], [637]) 0.4751293659210205
([831], [638]) 0.2662659287452698
([832], [639]) 0.45207545161247253
([833, 834], [640]) 0.5527923107147217
([835], [641]) 0.7428106665611267
([836, 837], [642]) 0.6667183637619019
([838, 839], [643]) 0.40960949659347534
([840], [644]) 0.6245797872543335
([841], [645]) 0.5745832920074463
([842], [646]) 0.5052777528762817
([843], [647]) 0.5070832967758179
([844, 845], [648]) 0.5151587724685669
([846], [649]) 0.6141412258148193
([847], [650]) 0.4587959349155426
([848, 849], [651]) 0.508861243724823
([850, 851], [652]) 0.4579591453075409
([852, 853], [653]) 0.7031110525131226
([854], [654]) 0.6336157321929932
([855], [655]) 0.5619351863861084
([856], [656]) 0.36574772000312805
([857, 858, 859, 860], [657]) 0.35296016931533813
([861], [658]) 0.518021821975708
([862], [659]) 0.6356824040412903
([863, 864], [660]) 0.5168887376785278
([865], [661]) 0.48214614391326904
([866], [662]) 0.49729397892951965
([867], [663]) 0.7233666181564331
([868, 869], [664]) 0.3519638478755951
([870, 871], [665]) 0.4579101502895355
([872, 873], [666]) 0.49615004658699036
([874], [667]) 0.6396353840827942
([875], [668]) 0.5634579658508301
([876], [669]) 0.29102623462677
([877], [670]) 0.5141578316688538
([878], [671]) 0.5915517210960388
([879], [672]) 0.5096324682235718
([880], [673]) 0.553760290145874
([881], [674]) 0.7648952007293701
([882], [675]) 0.3553183078765869
([883], [676]) 0.6338649988174438
([884], [677]) 0.25947466492652893
([885], [678]) 0.5499699711799622
([886], [679]) 0.32162055373191833
([887], [680]) 0.7211032509803772
([888, 889], [681]) 0.42199406027793884
([890, 891, 892], [682]) 0.3220411737759908
([893], [683]) 0.4746069610118866
([894, 895, 896, 897], [684]) 0.33541396260261536
([898], [685]) 0.28850406408309937
([899], [686]) 0.43818461894989014
([900, 901], [687]) 0.47128430008888245
