([0], [0]) 0.6294394135475159
([1, 2], [1]) 0.4012904167175293
([3], [2]) 0.8616707921028137
([4, 5], [3]) 0.3463796377182007
([6, 7, 8], [4]) 0.34347256024678546
([9], [5]) 0.5488017797470093
([10, 11], [6]) 0.4046430289745331
([12, 13, 14], [7]) 0.5191101233164469
([15], [8]) 0.8715286254882812
([16], [9]) 0.6076266169548035
([17], [10]) 0.3618926405906677
([18], [11]) 0.7415630221366882
([19, 20, 21, 22, 23], [12]) 0.31456737518310546
([24, 25], [13]) 0.5059176683425903
([26], [14]) 0.7086977362632751
([27, 28, 29], [15]) 0.49814383188883465
([30], [16]) 0.3557591736316681
([31], [17]) 0.591198205947876
([32], [18]) 0.4883362352848053
([33, 34], [19]) 0.3526172637939453
([35], [20]) 0.6276116967201233
([36], [21]) 0.328933984041214
([37], [22]) 0.4034799635410309
([38], [23]) 0.4345105290412903
([39], [24]) 0.5115196704864502
([40], [25]) 0.4452441334724426
([41], [26]) 0.2759344279766083
([42], [27]) 0.7239444255828857
([43], [28]) 0.2528949975967407
([44], [29]) 0.28000307083129883
([45], [30]) 0.4723486602306366
([46, 47], [31]) 0.335824191570282
([48], [32, 33]) 0.4240967929363251
([49], [34]) 0.4773532748222351
([50, 51], [35]) 0.34380343556404114
([52], [36]) 0.28862884640693665
([53], [37]) 0.1586410403251648
([54], [38]) 0.29276493191719055
([55, 56], [39]) 0.32625892758369446
([57], [40]) 0.6946908831596375
([58, 59], [41]) 0.3198068141937256
([60], [42]) 0.4555463492870331
([61], [43]) 0.4349318742752075
([62], [44]) 0.395460307598114
([63], [45]) 0.44953879714012146
([64], [46]) 0.3669714629650116
([65], [47]) 0.49814894795417786
([66], [48]) 0.24761687219142914
([67], [49]) 0.35012146830558777
([68, 69], [50]) 0.3547336757183075
([70], [51]) 0.4950335621833801
([71], [52]) 0.6030429601669312
([72], [53, 54]) 0.6376956105232239
([73, 74], [55]) 0.4977242946624756
([75], [56]) 0.6688809394836426
([76], [57]) 0.193185493350029
([77, 78, 79], [58]) 0.4165875514348348
([80, 81], [59]) 0.28496378660202026
([82], [60]) 0.622614860534668
([83], [61]) 0.4772937297821045
([84], [62]) 0.6812238693237305
([85], [63]) 0.5645864009857178
([86], [64]) 0.3339982330799103
([87, 88, 89], [65]) 0.2858099540074666
([90], [66]) 0.12494395673274994
([91], [67]) 0.2991325855255127
([92], [68]) 0.5323249697685242
([93, 94], [69, 70]) 0.17882777750492096
([95, 96], [71]) 0.3043974041938782
([97, 98, 99, 100], [72]) 0.27833518385887146
([101], [73]) 0.4155835211277008
([102], [74]) 0.41599079966545105
([103], [75]) 0.6123082041740417
([104, 105, 106], [76]) 0.39170507589975995
([107, 108], [77]) 0.35687369108200073
([109], [78]) 0.29488861560821533
([110], [79]) 0.5525307655334473
([111], [80]) 0.40960222482681274
([112], [81, 82]) 0.21024665236473083
([113], [83]) 0.5368759632110596
([114, 115], [84]) 0.449369341135025
([116], [85]) 0.7412102818489075
([117], [86]) 0.23935934901237488
([118], [87]) 0.48759302496910095
([119], [88]) 0.647223174571991
([120, 121], [89]) 0.4064949154853821
([122], [90]) 0.44774362444877625
([123], [91]) 0.2502248287200928
([124, 125, 126], [92]) 0.3744453191757202
([127, 128], [93]) 0.5322761535644531
([129], [94]) 0.47054457664489746
([130], [95]) 0.29081112146377563
([131], [96]) 0.5507068634033203
([132], [97]) 0.28724363446235657
([133], [98]) 0.2648979127407074
([134], [99]) 0.2209329903125763
([135, 136], [100]) 0.2640514671802521
([137], [101]) 0.36112886667251587
([138, 139, 140], [102]) 0.3421066999435425
([141], [103]) 0.3395150601863861
([142], [104]) 0.3154454231262207
([143], [105]) 0.3159811496734619
([144, 145], [106]) 0.325636088848114
([146], [107]) 0.4363119900226593
([147, 148], [108]) 0.47222307324409485
([149], [109]) 0.4157029986381531
([150], [110]) 0.4403690695762634
([151], [111]) 0.374453067779541
([152], [112]) 0.30585286021232605
([153], [113]) 0.6018878817558289
([154, 155], [114]) 0.2658400237560272
([156], [115]) 0.5126641988754272
([157], [116]) 0.4843026101589203
([158, 159], [117]) 0.44072550535202026
([160], [118]) 0.641130805015564
([161, 162], [119]) 0.419282466173172
([163], [120]) 0.7330986261367798
([164], [121]) 0.5110575556755066
([165], [122]) 0.439497172832489
([166], [123]) 0.4597203731536865
([167], [124]) 0.3175809383392334
([168, 169], [125]) 0.23221856355667114
([170, 171, 172], [126]) 0.49790815512339276
([173], [127]) 0.49763089418411255
([174], [128]) 0.7451343536376953
([175], [129]) 0.28734204173088074
([176], [130]) 0.4305557906627655
([177, 178, 179], [131]) 0.26760613918304443
([180], [132]) 0.3235902190208435
([181], [133]) 0.34057122468948364
([182], [134]) 0.37345126271247864
([183, 184], [135]) 0.41558343172073364
([185, 186], [136]) 0.27366816997528076
([187], [137]) 0.4911414682865143
([188], [138]) 0.4187772274017334
([189], [139]) 0.3434361517429352
([190], [140]) 0.4062032997608185
([191], [141]) 0.5866187214851379
([192], [142]) 0.3637448251247406
([193, 194, 195], [143]) 0.5945925315221151
([196], [144]) 0.39488115906715393
([197], [145]) 0.3653455376625061
([198, 199], [146]) 0.4201159179210663
([200], [147]) 0.4288346469402313
([201, 202], [148]) 0.39041775465011597
([203], [149]) 0.5280309319496155
([204], [150]) 0.5282285213470459
([205], [151]) 0.6400413513183594
([206], [152]) 0.36360692977905273
([207], [153]) 0.275634765625
([208, 209], [154]) 0.5056313872337341
([210], [155]) 0.2846566438674927
([211, 212], [156]) 0.40435320138931274
([213], [157]) 0.5940461754798889
([214], [158]) 0.2926892638206482
([215], [159]) 0.4151135981082916
([216], [160]) 0.7033985257148743
([217], [161]) 0.3374030292034149
([218], [162]) 0.5485551357269287
([219], [163]) 0.5108850002288818
([220], [164]) 0.41029825806617737
([221], [165]) 0.6756867170333862
([222, 223], [166]) 0.2709033787250519
([224], [167]) 0.33630895614624023
([225], [168]) 0.4638007581233978
([226], [169]) 0.32650285959243774
([227, 228], [170]) 0.4295533001422882
([229, 230, 231], [171]) 0.2958628336588542
([232], [172]) 0.4617755115032196
([233], [173]) 0.7525806427001953
([234], [174]) 0.20077094435691833
([235, 236], [175]) 0.520140528678894
([237], [176]) 0.4304167330265045
([238], [177]) 0.6325123310089111
([239], [178]) 0.5741052627563477
([240, 241, 242], [179]) 0.4063130219777425
([243, 244], [180]) 0.32447582483291626
([245], [181]) 0.6188440322875977
([246, 247, 248], [182]) 0.3290266195933024
([249], [183]) 0.5895983576774597
([250], [184]) 0.48686036467552185
([251, 252, 253], [185]) 0.26524945100148517
([254], [186]) 0.3455706834793091
([255], [187, 188]) 0.27917537093162537
([256], [189]) 0.4328191876411438
([257], [190]) 0.50603848695755
([258], [191]) 0.42453527450561523
([259], [192]) 0.32382750511169434
([260], [193]) 0.36430105566978455
([261], [194]) 0.14345984160900116
([262], [195]) 0.6332907676696777
([263, 264, 265, 266, 267, 268], [196]) 0.3698081175486247
([269], [197]) 0.47894591093063354
([270, 271], [198]) 0.25004449486732483
([272, 273], [199]) 0.47054311633110046
([274], [200]) 0.48346826434135437
([275, 276], [201]) 0.5101944804191589
([277], [202]) 0.4469870924949646
([278, 279], [203]) 0.33955273032188416
([280], [204]) 0.37579867243766785
([281, 282, 283, 284], [205]) 0.4787648916244507
([285, 286], [206]) 0.46767741441726685
([287, 288], [207]) 0.3226941227912903
([289, 290], [208]) 0.4892304241657257
([291], [209]) 0.6744880676269531
([292, 293], [210]) 0.4389696717262268
([294], [211, 212]) 0.6135459542274475
([295, 296], [213]) 0.3747451901435852
([297], [214]) 0.5654047131538391
([298, 299, 300], [215]) 0.3303494652112325
([301], [216]) 0.7512285709381104
([302, 303], [217]) 0.48266085982322693
([304], [218]) 0.6273306012153625
([305], [219]) 0.32544174790382385
([306], [220]) 0.6284400224685669
([307], [221]) 0.43428295850753784
([308, 309], [222]) 0.23916350305080414
([310], [223]) 0.7442850470542908
([311], [224]) 0.8568204045295715
([312], [225]) 0.3608552813529968
([313], [226]) 0.5260406732559204
([314], [227]) 0.41237834095954895
([315, 316], [228]) 0.291001558303833
([317], [229]) 0.4784559905529022
([318, 319, 320], [230]) 0.4450168212254842
([321], [231]) 0.4440065026283264
([322], [232]) 0.3264565169811249
([323], [233]) 0.324514776468277
([324, 325, 326, 327], [234]) 0.3047887980937958
([328, 329], [235]) 0.30516156554222107
([330], [236]) 0.41370415687561035
([331], [237]) 0.446789026260376
([332], [238]) 0.43270841240882874
([333, 334], [239]) 0.26066988706588745
([335, 336], [240]) 0.3565867245197296
([337, 338], [241]) 0.3924627900123596
([339, 340], [242]) 0.47161832451820374
([341, 342, 343, 344], [243]) 0.2910805344581604
([345, 346, 347], [244]) 0.5307792027791342
([348], [245]) 0.4673440158367157
([349], [246]) 0.48773297667503357
([350], [247]) 0.524563193321228
([351], [248]) 0.3340485990047455
([352], [249]) 0.5647245645523071
([353], [250]) 0.5320525169372559
([354], [251]) 0.4056396186351776
([355], [252]) 0.3149036467075348
([356], [253]) 0.37182095646858215
([357], [254]) 0.3505210876464844
([358], [255, 256]) 0.29228249192237854
([359, 360], [257]) 0.30533549189567566
([361], [258, 259]) 0.2779315114021301
([362], [260]) 0.39019668102264404
([363, 364, 365], [261]) 0.36545948187510174
([366], [262]) 0.334257036447525
([367], [263]) 0.36148589849472046
([368, 369], [264]) 0.5572841167449951
([370, 371, 372], [265]) 0.36648861567179364
([373], [266]) 0.18915534019470215
([374, 375, 376], [267]) 0.5421635309855143
([377, 378], [268]) 0.4915723204612732
([379], [269]) 0.4737669825553894
([380, 381], [270]) 0.5496391654014587
([382], [271]) 0.4371982216835022
([383], [272]) 0.5339511632919312
([384, 385], [273]) 0.4757094085216522
([386], [274]) 0.3607407212257385
([387], [275]) 0.3489049971103668
([388], [276]) 0.33565396070480347
([389], [277]) 0.40072351694107056
([390], [278]) 0.39251965284347534
([391], [279]) 0.5249399542808533
([392], [280]) 0.4852907061576843
([393], [281]) 0.5931176543235779
([394], [282]) 0.48972171545028687
([395], [283]) 0.35571402311325073
([396, 397], [284]) 0.4059092402458191
([398], [285]) 0.7694149017333984
([399], [286]) 0.41665852069854736
([400, 401, 402, 403], [287]) 0.3719630241394043
([404, 405, 406, 407], [288]) 0.36553022265434265
([408, 409, 410], [289]) 0.435476819674174
([411], [290]) 0.4804794490337372
([412], [291]) 0.6554701328277588
([413], [292]) 0.5254767537117004
([414], [293, 294]) 0.4019225239753723
([415], [295]) 0.432792067527771
([416], [296]) 0.44668641686439514
([417], [297]) 0.4433304965496063
([418], [298]) 0.35433652997016907
([419, 420, 421, 422], [299]) 0.3076762557029724
([423], [300]) 0.34650400280952454
([424], [301]) 0.4218394160270691
([425], [302]) 0.3011583983898163
([426], [303]) 0.34805577993392944
([427, 428], [304]) 0.5305368900299072
([429, 430], [305]) 0.4122231900691986
([431, 432], [306]) 0.47604626417160034
([433, 434, 435, 436], [307]) 0.25780171155929565
([437], [308]) 0.5782836675643921
([438, 439, 440], [309]) 0.28895243008931476
([441, 442], [310]) 0.32972192764282227
([443, 444, 445, 446, 447, 448, 449], [311]) 0.33274923052106586
([450], []) 0.0
([451, 452, 453], [312]) 0.34700270493825275
([454], [313]) 0.3980267345905304
([455], [314]) 0.538021445274353
([456, 457, 458], [315]) 0.23711899916330972
([459], [316]) 0.447586327791214
([460, 461], [317]) 0.3802354335784912
([462, 463, 464], [318]) 0.38426534334818524
([465], [319]) 0.3833305239677429
([466], [320]) 0.5868512988090515
([467, 468, 469, 470, 471], [321]) 0.3787620782852173
([472], [322]) 0.7180978059768677
([473, 474], [323]) 0.6063390970230103
([475], [324]) 0.5311256051063538
([476], [325]) 0.5154446959495544
([477, 478, 479], [326]) 0.40454602241516113
([480], [327]) 0.2401140183210373
([481], [328]) 0.360776424407959
([482], [329]) 0.2034786343574524
([483], [330]) 0.36608701944351196
([484], [331]) 0.5002103447914124
([485], [332]) 0.5591050386428833
([486], [333]) 0.3358629643917084
([487], [334]) 0.4173489511013031
([488], [335]) 0.35783058404922485
([489], [336]) 0.43951818346977234
([490], [337]) 0.7544452548027039
([491], [338]) 0.7970489859580994
([492], [339]) 0.45055919885635376
([493], [340]) 0.5724343061447144
([494], [341]) 0.6619047522544861
([495], [342]) 0.4511703848838806
([496], [343, 344]) 0.45392361283302307
([497], [345]) 0.2928866147994995
([498], [346]) 0.5734812021255493
([499], [347]) 0.5131754875183105
([500], [348]) 0.6346192359924316
([501], [349]) 0.5645982623100281
([502], [350]) 0.34460747241973877
([503], [351]) 0.5254132151603699
([504], [352]) 0.4661899209022522
([505], [353]) 0.6678036451339722
([506], [354]) 0.984752357006073
([507], [355]) 0.45093411207199097
([508], [356]) 0.5727684497833252
([509, 510], [357]) 0.3056703209877014
([511, 512], [358]) 0.3945399224758148
([513], [359]) 0.34244853258132935
([514, 515], [360]) 0.4749131202697754
([516], [361]) 0.6594479084014893
([517], [362]) 0.47579458355903625
([518], [363]) 0.14885011315345764
([519, 520], [364]) 0.47048911452293396
([521], [365]) 0.6090821623802185
([522, 523], [366]) 0.42529189586639404
([524, 525], [367]) 0.398966908454895
([526, 527], [368]) 0.4675966799259186
([528], [369]) 0.44635969400405884
([529], [370]) 0.4812145531177521
([530], [371]) 0.49224916100502014
([531], [372]) 0.5324560403823853
([532], [373, 374]) 0.43059515953063965
([533], [375]) 0.9568494558334351
([534], [376]) 0.38005658984184265
([535], [377]) 0.5746390223503113
([536], [378]) 0.4658425748348236
([537, 538], [379]) 0.6182450652122498
([539], [380]) 0.48689505457878113
([540], [381]) 0.4625227153301239
([541], [382]) 0.4971814453601837
([542], [383]) 0.5261891484260559
([543, 544], [384]) 0.33580631017684937
([545, 546], [385]) 0.4140298664569855
([547], [386]) 0.6716702580451965
([548], [387]) 0.7933546304702759
([549], [388]) 0.5424273014068604
([550], [389]) 0.4301716387271881
([551], [390]) 0.4661472737789154
([552], [391]) 0.5908905863761902
([553], [392]) 0.5139140486717224
([554, 555], [393]) 0.47842442989349365
([556], [394]) 0.5588727593421936
([557, 558], [395]) 0.3925657272338867
([559], [396]) 0.5459585785865784
([560], [397]) 0.7878860235214233
([561], [398, 399]) 0.4897106885910034
([562], [400]) 0.45083004236221313
([563, 564], [401]) 0.7430483102798462
([565, 566], [402]) 0.6164102554321289
([567, 568], [403]) 0.38443875312805176
([569], [404]) 0.48299598693847656
([570, 571], [405]) 0.2505747377872467
([572, 573], [406]) 0.49070966243743896
([574], [407]) 0.37214723229408264
([575, 576, 577], [408]) 0.6314083337783813
([578], [409]) 0.5350016951560974
([579, 580], [410]) 0.41295236349105835
([581], [411]) 0.5766071677207947
([582], [412]) 0.5583744049072266
([583], [413]) 0.5443015694618225
([584, 585, 586], [414]) 0.3572827974955241
([587], [415]) 0.5128110647201538
([588], [416]) 0.17344066500663757
([589], [417]) 0.3722035884857178
([590], [418]) 0.16354556381702423
([591], [419]) 0.47470802068710327
([592], [420]) 0.5082750916481018
([593, 594], [421]) 0.4654429256916046
([595], [422]) 0.6093593239784241
([596, 597], [423]) 0.3642844557762146
([598], [424]) 0.451557457447052
([599], [425]) 0.45411592721939087
([600], [426]) 0.928149938583374
([601], [427]) 0.5346357822418213
([602, 603], [428]) 0.6259682178497314
([604], [429]) 0.6460181474685669
([605], [430]) 0.7662979960441589
([606, 607, 608], [431]) 0.3657585382461548
([609], [432]) 0.700893223285675
([610, 611], [433]) 0.6389704346656799
([612], [434]) 0.3843538165092468
([613], [435]) 0.3251476287841797
([614, 615], [436]) 0.7320408821105957
([616], [437]) 0.582661509513855
([617, 618], [438]) 0.4529981017112732
([619], [439]) 0.5117340087890625
([620, 621], [440]) 0.5428563356399536
([622], [441]) 0.5170757174491882
([623], [442]) 0.44040435552597046
([624, 625], [443]) 0.32893598079681396
([626], [444]) 0.4071354568004608
([627, 628, 629], [445]) 0.35628942648569745
([630], [446]) 0.5035312175750732
([631, 632], [447]) 0.5061668157577515
([633], [448]) 0.6754776835441589
([634, 635, 636], [449]) 0.3258570432662964
([637], [450]) 0.49286726117134094
([638, 639], [451]) 0.367906779050827
([640], [452]) 0.4130561947822571
([641, 642], [453]) 0.4670700430870056
([643], [454]) 0.6649497151374817
([644, 645], [455]) 0.41109511256217957
([646, 647], [456]) 0.40060752630233765
([648], [457]) 0.4352916181087494
([649], [458]) 0.5559726357460022
([650, 651, 652], [459]) 0.3348772128423055
([653], [460]) 0.48224446177482605
([654], [461]) 0.4754115343093872
([655], [462]) 0.3684356212615967
([656], [463, 464]) 0.41049501299858093
([657], [465]) 0.6146072745323181
([658], [466]) 0.1887618452310562
([659], [467]) 0.3707100450992584
([660, 661], [468]) 0.5418111681938171
([662], [469]) 0.5153197646141052
([663], [470]) 0.24677090346813202
([664, 665], [471]) 0.4630843997001648
([666], [472]) 0.5823675990104675
([667], [473, 474]) 0.48843494057655334
([668], [475]) 0.6664913892745972
([669, 670], [476]) 0.4255111515522003
([671], [477]) 0.47995027899742126
([672], [478]) 0.6397937536239624
([673], [479]) 0.5621277093887329
([674], [480]) 0.6295443177223206
([675], [481]) 0.5830181837081909
([676, 677], [482]) 0.39008045196533203
([678], [483]) 0.6188156008720398
([679, 680], [484]) 0.3951822519302368
([681], [485]) 0.8388354778289795
([682], [486]) 0.48404744267463684
([683], [487]) 0.6617052555084229
([684, 685], [488]) 0.523967981338501
([686], [489]) 0.3760671019554138
([687], [490]) 0.5828231573104858
([688, 689], [491]) 0.5923317670822144
([690, 691], [492]) 0.5873203277587891
([692], [493]) 0.7488236427307129
([693], [494]) 0.39528408646583557
([694], [495]) 0.39569970965385437
([695], [496]) 0.3388887047767639
([696], [497]) 0.5621620416641235
([697], [498]) 0.6906153559684753
([698, 699], [499]) 0.6300592422485352
([700], [500]) 0.29882222414016724
([701], [501]) 0.9439066052436829
([702], [502]) 0.38300105929374695
([703, 704], [503]) 0.41380104422569275
([705, 706], [504]) 0.4686551094055176
([707], [505]) 0.5753392577171326
([708, 709, 710, 711], [506]) 0.27485746145248413
([712], [507]) 0.3819291293621063
([713], [508]) 0.3244580626487732
([714], [509]) 0.45548319816589355
([715], [510, 511]) 0.5682561993598938
([716, 717], [512]) 0.5493457317352295
([718], [513]) 0.4908738434314728
([719], [514, 515]) 0.4310818612575531
([720], [516]) 0.6603920459747314
([721], [517]) 0.6392008066177368
([722], [518, 519]) 0.5955425500869751
([723, 724], [520]) 0.2674558460712433
([725], [521]) 0.44269758462905884
([726], [522]) 0.4548187851905823
([727], [523]) 0.5718225836753845
([728, 729], [524]) 0.3584354817867279
([730], [525]) 0.6281972527503967
([731], [526]) 0.4708612859249115
([732, 733], [527]) 0.3919908106327057
([734], [528]) 0.5308300852775574
([735], [529]) 0.5451650023460388
([736], [530]) 0.7209576368331909
([737], [531]) 0.2851979732513428
([738], [532]) 0.6094977855682373
([739, 740, 741, 742], [533]) 0.4370814561843872
([743], [534]) 0.7557945847511292
([744], [535]) 0.6615701913833618
([745], [536]) 0.8132408857345581
([746, 747, 748, 749, 750], [537]) 0.44973173141479494
([751, 752], [538]) 0.6442751288414001
([753], [539]) 0.6560441255569458
([754, 755], [540]) 0.4609519839286804
([756], [541]) 0.7057543396949768
([757], [542]) 0.20582124590873718
([758], [543]) 0.2656010389328003
([759, 760, 761], [544]) 0.5818828741709391
([762], [545]) 0.7726918458938599
([763], [546]) 0.5220963358879089
([764, 765, 766], [547]) 0.5339111884435018
([767, 768], [548]) 0.5587266087532043
([769], [549]) 0.2985386848449707
([770], [550]) 0.4317567050457001
([771], [551]) 0.6349771618843079
([772], [552]) 0.6354337930679321
([773], [553]) 0.4311303496360779
([774, 775, 776], [554]) 0.4806770086288452
([777], [555]) 0.47843679785728455
([778, 779], [556]) 0.20249970257282257
([780], [557]) 0.35301291942596436
([781, 782], [558]) 0.5359180569648743
([783], [559]) 0.4181264638900757
([784, 785, 786], [560]) 0.5854113101959229
([787, 788, 789], [561]) 0.4924635092417399
([790], [562]) 0.600200891494751
([791, 792], [563]) 0.5087571144104004
([793], [564]) 0.2797829508781433
([794], [565]) 0.7323402762413025
([795], [566]) 0.522891104221344
([796], [567]) 0.47563180327415466
([797], [568]) 0.4289325475692749
([798], [569, 570]) 0.4272938668727875
([799, 800], [571]) 0.4969996213912964
([801], [572]) 0.6653785109519958
([802], [573]) 0.5601043701171875
([803], [574]) 0.49668410420417786
([804], [575]) 0.45694565773010254
([805, 806], [576]) 0.3654725253582001
([807], [577]) 0.5517938733100891
([808], [578]) 0.8303450345993042
([809], [579]) 0.5576295256614685
([810], [580]) 0.2709176540374756
([811], [581]) 0.4081391394138336
([812], [582]) 0.8382865190505981
([813], [583]) 0.46975764632225037
([814], [584]) 0.606277346611023
([815], [585]) 0.5361725687980652
([816, 817, 818, 819], [586]) 0.38576728105545044
([820], [587]) 0.4222862422466278
([821], [588]) 0.6456791162490845
([822, 823], [589]) 0.7042692303657532
