([0], [0]) 0.36913007497787476
([1], [1]) 0.48575401306152344
([2], [2]) 0.5818434357643127
([3], [3]) 0.6367300152778625
([4], [4]) 0.6022810935974121
([5], [5]) 0.7376171350479126
([6], [6]) 0.39787840843200684
([7], [7]) 0.4430232346057892
([8], [8]) 0.4660652279853821
([9], [9]) 0.4283427596092224
([10], [10]) 0.5025264024734497
([11], [11]) 0.39119526743888855
([12], [12]) 0.44995513558387756
([13], [13]) 0.45856648683547974
([14], [14]) 0.43507200479507446
([15], [15]) 0.31959593296051025
([16], [16]) 0.388800710439682
([17], [17]) 0.49641159176826477
([18], [18]) 0.2988625466823578
([19], [19, 20]) 0.3202955424785614
([20], [21]) 0.39032718539237976
([21], [22]) 0.31328991055488586
([22], [23]) 0.40573015809059143
([23, 24], [24]) 0.33135080337524414
([25], [25]) 0.6367029547691345
([26], [26, 27]) 0.47367963194847107
([27], [28]) 0.4747123122215271
([28], [29]) 0.47894662618637085
([29], [30]) 0.6277942061424255
([30], [31]) 0.541623055934906
([31], [32, 33]) 0.3800196051597595
([32], [34]) 0.3567262589931488
([33], [35]) 0.509428858757019
([34], [36]) 0.3144512176513672
([35], [37]) 0.42186927795410156
([36], [38]) 0.3501831889152527
([37, 38, 39], [39]) 0.24831209580103555
([40], [40, 41]) 0.25618240237236023
([41], [42]) 0.6034406423568726
([42], [43]) 0.37500280141830444
([43], [44]) 0.2854028046131134
([44], [45]) 0.24353745579719543
([45], [46]) 0.2574689984321594
([46], [47]) 0.40634503960609436
([47], [48]) 0.5464107394218445
([48], [49]) 0.42179441452026367
([49], [50]) 0.4203914999961853
([50], [51]) 0.26920947432518005
([51], [52]) 0.48102712631225586
([52], [53]) 0.4176836609840393
([53], [54]) 0.39136698842048645
([54], [55]) 0.503314197063446
([55], [56, 57]) 0.4815594553947449
([56], [58]) 0.3444937467575073
([57], [59]) 0.6321073174476624
([58], [60, 61, 62]) 0.31833189725875854
([59, 60], [63]) 0.29749825596809387
([61], [64]) 0.5156862735748291
([62], [65, 66]) 0.334626704454422
([63], [67]) 0.2917049825191498
([64], [68]) 0.34049877524375916
([65], [69, 70, 71, 72]) 0.31827110052108765
([66], [73]) 0.8881826996803284
([67], [74]) 0.5697622895240784
([68], [75]) 0.31084251403808594
([69], [76]) 0.6280027627944946
([70], [77]) 0.7151334881782532
([71], [78]) 0.37950167059898376
([72], [79, 80]) 0.46248239278793335
([73], [81]) 0.5417206883430481
([74], [82]) 0.686404824256897
([75], [83]) 0.46454185247421265
([76], [84]) 0.43760353326797485
([77], [85, 86]) 0.4584645628929138
([78], [87]) 0.7946693301200867
([79], [88, 89]) 0.6828044056892395
([80], [90]) 0.35795217752456665
([81], [91]) 0.38629528880119324
([82], [92, 93]) 0.5266559720039368
([83], [94]) 0.339809775352478
([84], [95]) 0.5618178844451904
([85], [96]) 0.5887702703475952
([86], [97]) 0.45754343271255493
([87], [98]) 0.47341635823249817
([88], [99]) 0.4974266588687897
([89], [100, 101]) 0.5185734629631042
([90], [102]) 0.38899847865104675
([91], [103]) 0.16922685503959656
([92], [104]) 0.5095576643943787
([93], [105]) 0.6109238862991333
([94, 95], [106]) 0.4079049229621887
([96], [107, 108, 109, 110]) 0.3723986744880676
([97], [111]) 0.3688407838344574
([98], [112]) 0.5009808540344238
([99], [113]) 0.18584652245044708
([100], [114]) 0.37070098519325256
([101], [115]) 0.4873715341091156
([102], [116]) 0.36104637384414673
([103], [117]) 0.4110381305217743
([104], [118]) 0.4408334493637085
([105], [119, 120]) 0.5630154609680176
([106, 107], [121]) 0.31596511602401733
([108], [122]) 0.5242560505867004
([109], [123]) 0.3278694748878479
([110], [124, 125]) 0.41604626178741455
([111], [126]) 0.40083834528923035
([112], [127, 128]) 0.6091446280479431
([113], [129]) 0.37398961186408997
([114], [130]) 0.4643062353134155
([115], [131]) 0.5265659689903259
([116], [132, 133, 134]) 0.5638659000396729
([117], [135, 136]) 0.6237035989761353
([118], [137]) 0.5910435914993286
([119], [138, 139]) 0.5710755586624146
([120], [140]) 0.5881236791610718
([121], [141]) 0.49727675318717957
([122], [142]) 0.36642569303512573
([123], [143]) 0.3275851607322693
([124], [144, 145]) 0.34213727712631226
([125], [146]) 0.3173201382160187
([126], [147]) 0.38183724880218506
([127], [148]) 0.32656535506248474
([128], [149]) 0.4017469584941864
([129], [150]) 0.28827089071273804
([130], [151]) 0.41451194882392883
([131], [152]) 0.3903297483921051
([132, 133], [153]) 0.45730307698249817
([134], [154]) 0.7592520713806152
([135], [155]) 0.4016154706478119
([136], [156, 157]) 0.5389866232872009
([137], [158]) 0.6722331643104553
([138], [159]) 0.4687694311141968
([139], [160]) 0.36160415410995483
([140], [161]) 0.31105753779411316
([141], [162]) 0.4647822678089142
([142], [163]) 0.5403394103050232
([143], [164]) 0.30643776059150696
([144], [165]) 0.4043603241443634
([145], [166]) 0.369192898273468
([146], [167]) 0.3761075437068939
([147], [168]) 0.44510746002197266
([148], [169]) 0.5168060660362244
([149], [170]) 0.5577582716941833
([150], [171, 172]) 0.43552932143211365
([151], [173]) 0.4003605842590332
([152], [174]) 0.3185301125049591
([153], [175]) 0.42540284991264343
([154], [176]) 0.5942926406860352
([155], [177]) 0.6622533202171326
([156, 157], [178]) 0.4523553252220154
([158], [179, 180]) 0.6192789077758789
([159], [181]) 0.44133204221725464
([160], [182]) 0.24646256864070892
([161], [183]) 0.47711092233657837
([162], [184]) 0.49537745118141174
([163], [185]) 0.3281964659690857
([164], [186]) 0.4486706256866455
([165], [187]) 0.4340701699256897
([166], [188]) 0.5528908371925354
([167], [189]) 0.5889562368392944
([168], [190]) 0.7923510670661926
([169], [191]) 0.3505566120147705
([170], [192]) 0.3083457946777344
([171], [193]) 0.543846070766449
([172, 173], [194]) 0.5635320544242859
([174], [195]) 0.3963926136493683
([175, 176], [196]) 0.3722235858440399
([177, 178], [197]) 0.43075910210609436
([179], [198]) 0.5643366575241089
([180], [199]) 0.8188368082046509
([181], [200]) 0.346868097782135
([182], [201]) 0.5606673359870911
([183], [202]) 0.5589309930801392
([184], [203]) 0.5541976690292358
([185], [204]) 0.5698223114013672
([186], [205, 206]) 0.3784888684749603
([187, 188], [207]) 0.4243309199810028
([189], [208]) 0.2534773647785187
([190], [209]) 0.5541969537734985
([191], [210]) 0.3812803626060486
([192], [211]) 0.44976428151130676
([193], [212]) 0.5005787014961243
([194], [213]) 0.42929351329803467
([195], [214, 215]) 0.4537000060081482
([196], [216]) 0.48631832003593445
([197], [217]) 0.38843679428100586
([198], [218]) 0.33958038687705994
([199], [219]) 0.6527493000030518
([200], [220]) 0.5848818421363831
([201], [221]) 0.4143194258213043
([202], [222]) 0.35888993740081787
([203], [223]) 0.2836812436580658
([204], [224]) 0.5967012047767639
([205], [225, 226]) 0.49222829937934875
([206], [227]) 0.3694673180580139
([207], [228]) 0.6046032309532166
([208], [229]) 0.3514469861984253
([209], [230]) 0.5403611660003662
([210], [231]) 0.23358672857284546
([211], [232]) 0.7411035299301147
([212], [233]) 0.33865511417388916
([213], [234]) 0.33478957414627075
([214], [235]) 0.48831707239151
([215], [236]) 0.4810628592967987
([216], [237]) 0.7380782961845398
([217], [238]) 0.43598806858062744
([218], [239]) 0.7615383267402649
([219], [240, 241]) 0.21141944825649261
([220], [242]) 0.30483710765838623
([221], [243]) 0.5591492652893066
([222], [244, 245]) 0.4012337028980255
([223], [246]) 0.38694554567337036
([224], [247]) 0.6971191167831421
([225], [248, 249, 250]) 0.5651729504267374
([226], [251]) 0.6677295565605164
([227, 228], [252]) 0.4658248722553253
([229], [253]) 0.6151862740516663
([230], [254]) 0.5027559399604797
([231, 232], [255]) 0.5138697028160095
([233], [256]) 0.5070083737373352
([234], [257]) 0.3740363121032715
([235], [258]) 0.6570362448692322
([236], [259]) 0.27674171328544617
([237], [260]) 0.26178330183029175
([238], [261]) 0.31331318616867065
([239], [262]) 0.5019935369491577
([240], [263]) 0.5279704332351685
([241], [264, 265]) 0.609072208404541
([242], [266]) 0.3894275426864624
([243], [267]) 0.34281474351882935
([244], [268]) 0.39869657158851624
([245], [269]) 0.2839232087135315
([246], [270]) 0.33132901787757874
([247], [271]) 0.6697720885276794
([248], [272]) 0.42007145285606384
([249], [273]) 0.6580063700675964
([250], [274]) 0.6606081128120422
([251], [275]) 0.44269412755966187
([252], [276, 277]) 0.50346839427948
([253], [278]) 0.33582186698913574
([254], [279]) 0.3799736499786377
([255], [280]) 0.41840049624443054
([256], [281]) 0.39090946316719055
([257], [282]) 0.43301549553871155
([258], [283]) 0.5580500960350037
([259], [284]) 0.4499460756778717
([260], [285]) 0.4522944688796997
([261], [286, 287]) 0.46008482575416565
([262], [288]) 0.4400556683540344
([263], [289]) 0.4216214120388031
([264], [290, 291, 292]) 0.5358845392862955
([265], [293, 294]) 0.5094479918479919
([266], [295]) 0.5199282765388489
([267], [296]) 0.5723916292190552
([268], [297]) 0.4327731430530548
([269], [298]) 0.6509329676628113
([270], [299, 300, 301]) 0.4463048775990804
([271], [302]) 0.5469794869422913
([272], [303]) 0.331753671169281
([273], [304]) 0.6435858607292175
([274], [305]) 0.7593177556991577
([275], [306]) 0.8184264898300171
([276], [307]) 0.5973436236381531
([277], [308]) 0.7486236691474915
([278], [309]) 0.5089025497436523
([279], [310]) 0.5590053200721741
([280], [311]) 0.41713982820510864
([281], [312]) 0.5974674224853516
([282], [313, 314]) 0.5474783182144165
([283], [315]) 0.47058016061782837
([284], [316]) 0.5858176946640015
([285], [317]) 0.48108798265457153
([286], [318]) 0.5150207877159119
([287], [319]) 0.513002872467041
([288], [320]) 0.4456859529018402
([289], [321]) 0.2790414094924927
([290], [322, 323]) 0.4283069372177124
([291], [324]) 0.7382157444953918
([292], [325]) 0.7512795925140381
([293], [326, 327]) 0.35850709676742554
([294], [328]) 0.6318743824958801
([295], [329]) 0.49070677161216736
([296], [330]) 0.6257563829421997
([297], [331]) 0.549293041229248
([298], [332]) 0.5296018719673157
([299], [333]) 0.43042856454849243
([300], [334]) 0.6319893598556519
([301], [335]) 0.592190146446228
([302], [336]) 0.5685212016105652
([303], [337]) 0.5971415638923645
([304], [338]) 0.6743683815002441
([305], [339]) 0.37027397751808167
([306], [340]) 0.3278251588344574
([307], [341]) 0.8591016530990601
([308], [342]) 0.644897997379303
([309], [343]) 0.4439094364643097
([310], [344]) 0.5177756547927856
([311, 312], [345]) 0.6223256587982178
([313], [346]) 0.5018807649612427
([314], [347]) 0.5533452033996582
([315], [348]) 0.39367613196372986
([316], [349]) 0.6792839169502258
([317], [350]) 0.8554712533950806
([318, 319], [351]) 0.43739548325538635
([320, 321], [352]) 0.3458118140697479
([322, 323, 324, 325, 326], [353]) 0.38452184200286865
([327], [354]) 0.5106640458106995
([328], [355]) 0.492056667804718
([329], [356, 357, 358]) 0.3925005992253621
([330], [359]) 0.5590819716453552
([331], [360]) 0.765322744846344
([332], [361, 362]) 0.47222283482551575
([333, 334], [363]) 0.5791817903518677
([335], [364, 365]) 0.5690741539001465
([336], [366, 367, 368]) 0.6109499931335449
([337], [369]) 0.6287454962730408
([338], [370, 371]) 0.4852621257305145
([339], [372]) 0.5933501720428467
([340], [373]) 0.531994640827179
([341], [374, 375]) 0.5260224342346191
([342], [376]) 0.6320635676383972
([343], [377]) 0.33603814244270325
([344], [378]) 0.31472107768058777
([345], [379]) 0.46437394618988037
([346], [380]) 0.8305458426475525
([347], [381]) 0.6708540320396423
([348], [382]) 0.47020423412323
([349], [383]) 0.6596755385398865
([350], [384]) 0.7454472780227661
([351], [385]) 0.4140602946281433
([352], [386, 387, 388]) 0.4028917948404948
([353], [389]) 0.41692808270454407
([354], [390]) 0.31788161396980286
([355], [391]) 0.21937601268291473
([356], [392]) 0.5779828429222107
([357], [393]) 0.39897891879081726
([358], [394]) 0.6584798097610474
([359], [395]) 0.33383944630622864
([360], [396, 397, 398]) 0.3389393885930379
([361, 362, 363], [399]) 0.3126065929730733
([364], [400]) 0.2372555434703827
([365], [401]) 0.3236875832080841
([366], [402]) 0.3482646346092224
([367], [403]) 0.40255388617515564
([368], [404]) 0.3896957337856293
([369], [405]) 0.4333587884902954
([370], [406]) 0.39992067217826843
([371, 372], [407]) 0.5553964376449585
([373], [408]) 0.35665246844291687
([374], [409]) 0.6345909237861633
([375], [410]) 0.5129024386405945
([376], [411, 412]) 0.30436769127845764
([377], [413]) 0.3904455900192261
([378], [414]) 0.5296076536178589
([379], [415]) 0.30743885040283203
([380], [416]) 0.47311684489250183
([381], [417]) 0.617882251739502
([382], [418, 419]) 0.4565521478652954
([383], [420, 421]) 0.550768256187439
([384], [422]) 0.38660216331481934
([385], [423]) 0.4621155261993408
([386], [424]) 0.7001057267189026
([387], [425]) 0.8188651204109192
([388], [426]) 0.6150627732276917
([389], [427]) 0.27220389246940613
([390], [428]) 0.45220887660980225
([391], [429]) 0.5665881037712097
([392], [430, 431]) 0.29318711161613464
([393], [432]) 0.6270200610160828
([394], [433]) 0.4515615999698639
([395, 396], [434]) 0.5183591842651367
([397], [435]) 0.420732706785202
([398], [436]) 0.4860977530479431
([399], [437]) 0.7658087015151978
([400], [438]) 0.5585335493087769
([401], [439]) 0.5927103161811829
([402], [440]) 0.5043409466743469
([403], [441]) 0.6295343637466431
([404], [442]) 0.4498544931411743
([405, 406], [443]) 0.3950260877609253
([407], [444]) 0.41076746582984924
([408], [445]) 0.3278728723526001
([409], [446]) 0.611257791519165
([410], [447, 448]) 0.7055463790893555
([411], [449, 450, 451]) 0.6978647708892822
([412], [452]) 0.5203169584274292
([413], [453, 454]) 0.4285139739513397
([414], [455, 456]) 0.3769519627094269
([415], [457]) 0.2926497757434845
([416], [458]) 0.35701531171798706
([417], [459]) 0.5307363867759705
([418], [460]) 0.47748181223869324
([419], [461]) 0.5392462015151978
([420], [462, 463]) 0.6520368456840515
([421], [464]) 0.5898063778877258
([422], [465]) 0.6187471151351929
([423], [466]) 0.4812069237232208
([424], [467]) 0.44992560148239136
([425], [468, 469]) 0.34867390990257263
([426], [470]) 0.2685350775718689
([427], [471, 472]) 0.49716082215309143
([428], [473]) 0.3982298672199249
([429], [474]) 0.9916654825210571
([430], [475]) 0.5199971795082092
([431], [476, 477]) 0.4579179883003235
([432], [478]) 0.6050347089767456
([433], [479]) 0.41820886731147766
([434], [480]) 0.5728611350059509
([435], [481]) 0.4592953622341156
([436], [482]) 0.6581240892410278
([437], [483, 484]) 0.6201534867286682
([438], [485, 486]) 0.42990413308143616
([439], [487]) 0.6673839688301086
([440], [488]) 0.41114458441734314
([441], [489]) 0.4332486093044281
([442], [490]) 0.6550096273422241
([443], [491]) 0.4039378762245178
([444], [492]) 0.3986204266548157
([445], [493]) 0.39877232909202576
([446], [494]) 0.508641242980957
([447], [495]) 0.5465973615646362
([448], [496]) 0.5352171659469604
([449], [497]) 0.5762455463409424
([450], [498, 499]) 0.5051678419113159
([451], [500]) 0.2143632471561432
([452], [501]) 0.5001228451728821
([453], [502]) 0.5224971771240234
([454], [503]) 0.4105362296104431
([455], [504]) 0.40298473834991455
([456, 457], [505]) 0.47242581844329834
([458], [506]) 0.48622071743011475
([459], [507]) 0.5092087388038635
([460], [508]) 0.41936981678009033
([461], [509]) 0.46690648794174194
([462], [510]) 0.5876906514167786
([463], [511]) 0.4739839732646942
([464], [512, 513]) 0.36213481426239014
([465], [514]) 0.39504459500312805
([466], [515]) 0.48547521233558655
([467], [516]) 0.5269261598587036
([468], [517, 518, 519]) 0.45172107219696045
([469], [520]) 0.7271530628204346
([470], [521]) 0.7100810408592224
([471], [522]) 0.6461012959480286
([472], [523]) 0.3875718414783478
([473], [524]) 0.6550102829933167
([474], [525]) 0.47326987981796265
([475], [526]) 0.635187566280365
([476], [527, 528]) 0.41299164295196533
([477], [529]) 0.6452269554138184
([478], [530]) 0.3605723977088928
([479], [531]) 0.4284817576408386
([480], [532]) 0.9095854759216309
([481], [533, 534]) 0.37627387046813965
([482], [535]) 0.5904339551925659
([483], [536]) 0.3708071708679199
([484], [537, 538]) 0.5303453803062439
([485], [539]) 0.5998517870903015
([486], [540]) 0.4473878741264343
([487], [541]) 0.42912575602531433
([488], [542]) 0.5008153319358826
([489], [543]) 0.4220544099807739
([490], [544]) 0.23050987720489502
([491], [545, 546]) 0.35294151306152344
([492], [547]) 0.4400827884674072
([493], [548]) 0.45034343004226685
([494], [549]) 0.49459731578826904
([495], [550]) 0.42166686058044434
([496], [551]) 0.467264324426651
([497], [552]) 0.6000109910964966
([498], [553]) 0.549127459526062
([499], [554]) 0.28160524368286133
([500], [555]) 0.5052834749221802
([501], [556, 557]) 0.2544673681259155
([502, 503], [558]) 0.553333044052124
([504], [559, 560]) 0.42198774218559265
([505], [561]) 0.4624091386795044
([506], [562]) 0.9454284906387329
([507], [563]) 0.6873070597648621
([508], [564]) 0.290326863527298
([509], [565, 566, 567]) 0.49328585465749103
([510], [568]) 0.44773760437965393
([511], [569]) 0.5442233085632324
([512], [570, 571]) 0.7362933158874512
([513, 514], [572]) 0.4040865898132324
([515], [573]) 0.5896372199058533
([516], [574]) 0.38525643944740295
([517], [575]) 0.7163928151130676
([518], [576]) 0.2251579314470291
([519], [577]) 0.394872784614563
([520], [578]) 0.3349425494670868
([521], [579]) 0.27839308977127075
([522], [580, 581]) 0.3459341526031494
([523], [582]) 0.3266775608062744
([524], [583]) 0.3466251790523529
([525], [584]) 0.7991265058517456
([526], [585, 586]) 0.43058186769485474
([527], [587]) 0.605591356754303
([528], [588]) 0.4478909373283386
([529], [589]) 0.2750709056854248
([530], [590]) 0.2979189455509186
([531], [591]) 0.2837611734867096
([532], [592]) 0.553737998008728
([533], [593]) 0.5227943658828735
([534], [594]) 0.3406512439250946
([535], [595]) 0.35134178400039673
([536], [596]) 0.45851773023605347
([537], [597]) 0.5808383226394653
([538], [598]) 0.5793902277946472
([539], [599]) 0.386793315410614
([540], [600]) 0.30321311950683594
([541], [601, 602]) 0.47729936242103577
([542], [603]) 0.7499151229858398
([543], [604]) 0.41515469551086426
([544], [605, 606]) 0.40717846155166626
([545], [607]) 0.49614185094833374
([546], [608]) 0.4916228652000427
([547], [609]) 0.523895263671875
([548], [610]) 0.36780253052711487
([549], [611]) 0.7508043050765991
([550], [612]) 0.6198905110359192
([551], [613]) 0.5131120681762695
([552], [614]) 0.5852968096733093
([553], [615, 616]) 0.48384907841682434
([554], [617]) 0.293242871761322
([555], [618]) 0.41969719529151917
([556], [619]) 0.5192152261734009
([557], [620]) 0.5007091760635376
([558], [621]) 0.6157165765762329
([559], [622]) 0.3821190297603607
([560], [623]) 0.37702152132987976
([561], [624]) 0.6114144921302795
([562], [625]) 0.5086390376091003
([563, 564], [626]) 0.7260292172431946
