([0], [0]) 0.4594518542289734
([1], [1]) 0.5137613415718079
([2], [2]) 0.5337483286857605
([3], [3]) 0.35443785786628723
([4], [4]) 0.5009230375289917
([5, 6], [5]) 0.5234901309013367
([7], [6]) 0.5126929879188538
([8], [7]) 0.34078967571258545
([9], [8]) 0.48005545139312744
([10], [9]) 0.39950457215309143
([11], [10]) 0.3357912302017212
([12], [11]) 0.39397385716438293
([13], [12]) 0.45700350403785706
([14], [13]) 0.3028656840324402
([15], [14]) 0.39623910188674927
([16], [15]) 0.23302213847637177
([17], [16]) 0.4155257046222687
([18], [17]) 0.4980607032775879
([19], [18]) 0.6541294455528259
([20], [19]) 0.49381425976753235
([21], [20]) 0.37323084473609924
([22], [21]) 0.30687394738197327
([23, 24], [22]) 0.36089760065078735
([25], [23]) 0.5707243084907532
([26, 27], [24]) 0.5466793179512024
([28], [25]) 0.6184487342834473
([29], [26]) 0.6692078113555908
([30], [27]) 0.8279208540916443
([31], [28]) 0.4238146245479584
([32], [29]) 0.23858463764190674
([33], [30]) 0.3500514030456543
([34], [31]) 0.7446043491363525
([35, 36], [32]) 0.5404216051101685
([37, 38], [33]) 0.5679391026496887
([39], [34]) 0.5364503860473633
([40], [35]) 0.5256171822547913
([41], [36]) 0.44011640548706055
([42], [37, 38]) 0.4051625430583954
([43], [39]) 0.610084593296051
([44], [40]) 0.4422683119773865
([45], [41]) 0.7116959691047668
([46], [42]) 0.5980597734451294
([47], [43]) 0.7646147012710571
([48], [44]) 0.33342358469963074
([49], [45]) 0.4929829239845276
([50], [46]) 0.6706870198249817
([51], [47]) 0.24100583791732788
([52], [48]) 0.5109472870826721
([53], [49]) 0.6007296442985535
([54], [50]) 0.48468348383903503
([55], [51, 52]) 0.45416560769081116
([56], [53]) 0.6718435883522034
([57], [54]) 0.6139512658119202
([58], [55, 56]) 0.5311465859413147
([59, 60], [57]) 0.5877675414085388
([61], [58]) 0.6230942010879517
([62], [59, 60]) 0.5583986639976501
([63], [61]) 0.5288266539573669
([64], [62]) 0.5922014713287354
([65], [63]) 0.7290748953819275
([66], [64]) 0.544162929058075
([67], [65]) 0.6736325025558472
([68], [66]) 0.9348923563957214
([69], [67]) 0.5793864727020264
([70], [68]) 0.6292077302932739
([71], [69]) 0.7930594682693481
([72], [70, 71]) 0.24238236248493195
([73], [72]) 0.8855962157249451
([74], [73]) 0.5138593316078186
([75], [74]) 0.3523527681827545
([76], [75]) 0.3376893103122711
([77], [76]) 0.41356900334358215
([78], [77]) 0.5473794937133789
([79], [78]) 0.6048328280448914
([80], [79, 80]) 0.6151017546653748
([81], [81]) 0.5365445613861084
([82], [82]) 0.3797746002674103
([83], [83]) 0.6044978499412537
([84], [84]) 0.3805442452430725
([85], [85]) 0.571365237236023
([86], [86]) 0.5144307613372803
([87], [87]) 0.36480391025543213
([88], [88]) 0.675561785697937
([89], [89]) 0.5081511735916138
([90], [90]) 0.5519778728485107
([91], [91]) 0.5526493191719055
([92], [92, 93]) 0.6547321081161499
([93], [94]) 0.5350555777549744
([94], [95]) 0.460962176322937
([95], [96]) 0.3664364814758301
([96], [97]) 0.403439998626709
([97], [98]) 0.6681097745895386
([98], [99]) 0.519370436668396
([99], [100]) 0.29829034209251404
([100, 101], [101]) 0.43679508566856384
([102], [102]) 0.38451653718948364
([103], [103]) 0.5996045470237732
([104], [104]) 0.6751513481140137
([105], [105]) 0.5996770858764648
([106], [106]) 0.5154692530632019
([107], [107]) 0.5960108637809753
([108], [108, 109]) 0.6680952906608582
([109], [110]) 0.5611703395843506
([110, 111], [111]) 0.4530393183231354
([112], [112]) 0.639897882938385
([113], [113]) 0.7380867004394531
([114], [114]) 0.42806121706962585
([115], [115]) 0.38325080275535583
([116], [116]) 0.3935966193675995
([117], [117]) 0.539754331111908
([118], [118]) 0.5211604833602905
([119, 120], [119]) 0.46692851185798645
([121], [120]) 0.44302037358283997
([122], [121]) 0.40675339102745056
([123], [122, 123]) 0.5553221702575684
([124], [124]) 0.48532822728157043
([125], [125, 126]) 0.6640422940254211
([126], [127]) 0.5855462551116943
([127], [128]) 0.486313134431839
([128], [129]) 0.5207331776618958
([129], [130]) 0.630007803440094
([130], [131]) 0.6289724111557007
([131, 132, 133], [132]) 0.4670950571695964
([134], [133]) 0.5983318090438843
([135], [134]) 0.4553602635860443
([136], [135]) 0.7037309408187866
([137], [136]) 0.5628790259361267
([138], [137]) 0.48665884137153625
([139], [138]) 0.6882708668708801
([140], [139]) 0.6320067644119263
([141], [140]) 0.5776028037071228
([142], [141]) 0.43470433354377747
([143], [142]) 0.37577298283576965
([144], [143]) 0.5934847593307495
([145], [144]) 0.552594006061554
([146], [145]) 0.4645070731639862
([147], [146]) 0.3831305205821991
([148, 149], [147]) 0.2779397666454315
([150, 151], [148]) 0.5521214604377747
([152], [149]) 0.2966451644897461
([153], [150]) 0.7268490791320801
([154], [151]) 0.2816166281700134
([155], [152]) 0.40631723403930664
([156], [153]) 0.4407093822956085
([157], [154]) 0.8792375922203064
([158, 159], [155]) 0.6068428158760071
([160], [156, 157]) 0.7453340291976929
([161], [158]) 0.46563372015953064
([162], [159]) 0.5544276237487793
([163], [160]) 0.44376006722450256
([164], [161]) 0.5811617970466614
([165], [162]) 0.4703468382358551
([166], [163]) 0.4545982778072357
([167], [164]) 0.504615843296051
([168], [165]) 0.6101058721542358
([169], [166]) 0.6379050612449646
([170], [167]) 0.5802609920501709
([171, 172], [168]) 0.49567416310310364
([173], [169]) 0.27893054485321045
([174], [170]) 0.593860924243927
([175], [171]) 0.5922330617904663
([176], [172]) 0.4984694719314575
([177], [173]) 0.5465797185897827
([178], [174]) 0.4236912131309509
([179], [175]) 0.4039247930049896
([180, 181], [176]) 0.5079053640365601
([182, 183], [177]) 0.49303171038627625
([184], [178]) 0.5806823968887329
([185], [179]) 0.5177744626998901
([186], [180]) 0.4905322194099426
([187], [181, 182]) 0.5909949541091919
([188], [183]) 0.616870105266571
([189, 190], [184]) 0.5827546715736389
([191], [185]) 0.6657518744468689
([192], [186]) 0.49588388204574585
([193], [187]) 0.8325341939926147
([194], [188, 189]) 0.5593575835227966
([195], [190]) 0.31908509135246277
([196], [191]) 0.4642660319805145
([197], [192]) 0.4196397364139557
([198], [193]) 0.3527389466762543
([199], [194]) 0.6529090404510498
([200], [195]) 0.7121811509132385
([201], [196]) 0.5206602811813354
([202], [197]) 0.5543901920318604
([203], [198]) 0.580832302570343
([204], [199]) 0.37337633967399597
([205], [200]) 0.642038106918335
([206], [201]) 0.5318587422370911
([207, 208], [202]) 0.35110005736351013
([209], [203]) 0.597038984298706
([210], [204]) 0.4548914432525635
([211], [205]) 0.6887351870536804
([212], [206]) 0.6361308097839355
([213], [207]) 0.5611497759819031
([214], [208]) 0.4227031469345093
([215], [209]) 0.6126893758773804
([216], [210]) 0.5831812024116516
([217], [211]) 0.5595645308494568
([218], [212]) 0.5345684289932251
([219], [213]) 0.6844739317893982
([220], [214]) 0.39610129594802856
([221], [215]) 0.5286868810653687
([222], [216]) 0.4737180471420288
([223], [217]) 0.7365250587463379
([224], [218]) 0.4492805600166321
([225], [219]) 0.44461703300476074
([226], [220]) 0.739169180393219
([227], [221]) 0.6359233856201172
([228], [222]) 0.5993561148643494
([229], [223]) 0.5372498631477356
([230], [224]) 0.4909067153930664
([231], [225]) 0.5007121562957764
([232], [226]) 0.3243842124938965
([233], [227]) 0.3316812217235565
([234], [228]) 0.3154628872871399
([235], [229]) 0.45961904525756836
([236, 237, 238], [230]) 0.6499408880869547
([239], [231]) 0.2897619307041168
([240], [232]) 0.4376017153263092
([241], [233]) 0.48306021094322205
([242], [234, 235]) 0.4237639009952545
([243], [236]) 0.8924785852432251
([244], [237]) 0.7104028463363647
([245], [238]) 0.4648016095161438
([246], [239]) 0.4295620620250702
([247], [240]) 0.5327457785606384
([248], [241]) 0.3103632628917694
([249], [242]) 0.6287909746170044
([250], [243, 244]) 0.5822514891624451
([251], [245]) 0.5800241827964783
([252], [246]) 0.7865415215492249
([253], [247, 248, 249]) 0.5122871398925781
([254], [250]) 0.5391216278076172
([255], [251]) 0.38596123456954956
([256], [252]) 0.48610958456993103
([257], [253]) 0.5183672308921814
([258], [254]) 0.38683784008026123
([259], [255]) 0.4977641999721527
([260], [256]) 0.4884941577911377
([261], [257]) 0.5718559622764587
([262], [258]) 0.40527260303497314
([263], [259]) 0.31098228693008423
([264], [260]) 0.48417240381240845
([265], [261]) 0.5503820776939392
([266], [262]) 0.6184347867965698
([267], [263]) 0.2802358865737915
([268, 269], [264]) 0.25146040320396423
([270], [265]) 0.32753807306289673
([271], [266]) 0.33778613805770874
([272], [267]) 0.3482833802700043
([273], [268]) 0.781446099281311
([274], [269]) 0.448310524225235
([275], [270]) 0.8387688398361206
([276], [271]) 0.4292283058166504
([277], [272]) 0.442831426858902
([278], [273]) 0.5564790368080139
([279], [274]) 0.638823926448822
([280], [275]) 0.47069206833839417
([281], [276]) 0.592922568321228
([282], [277, 278]) 0.3081868290901184
([283, 284], [279]) 0.45389360189437866
([285], [280]) 0.4562622904777527
([286], [281]) 0.588638961315155
([287], [282]) 0.7196849584579468
([288], [283]) 0.5111073851585388
([289], [284]) 0.32600322365760803
([290], [285]) 0.29477137327194214
([291], [286]) 0.5602785348892212
([292], [287]) 0.29703447222709656
([293], [288]) 0.42837023735046387
([294], [289]) 0.5147066712379456
([295], [290]) 0.3311079144477844
([296], [291]) 0.603583812713623
([297, 298, 299], [292]) 0.4566386540730794
([300], [293, 294]) 0.5102164149284363
([301], [295]) 0.4296475052833557
([302], [296]) 0.557925283908844
([303], [297]) 0.47316843271255493
([304], [298]) 0.3093416690826416
([305], [299]) 0.31383073329925537
([306], [300]) 0.35040345788002014
([307, 308], [301]) 0.45471706986427307
([309, 310], [302]) 0.43687692284584045
([311], [303]) 0.714972734451294
([312], [304, 305, 306]) 0.49521319071451825
([313], [307]) 0.6857556104660034
([314, 315], [308]) 0.43427395820617676
([316], [309]) 0.7353965640068054
([317], [310]) 0.4965721666812897
([318], [311]) 0.4815766513347626
([319, 320], [312]) 0.520918607711792
([321], [313]) 0.7025740742683411
([322], [314]) 0.7401672005653381
([323], [315]) 0.26211243867874146
([324], [316]) 0.3681699335575104
([325], [317]) 0.4162503182888031
([326], [318]) 0.4776288568973541
([327], [319]) 0.31323280930519104
([328], [320]) 0.5348618626594543
([329], [321]) 0.6960405111312866
([330], [322]) 0.39416685700416565
([331], [323]) 0.5583422780036926
([332], [324]) 0.49478286504745483
([333], [325]) 0.4954189658164978
([334], [326]) 0.40135976672172546
([335], [327]) 0.47774291038513184
([336], [328]) 0.653866708278656
([337], [329]) 0.9826769232749939
([338], [330]) 0.42576858401298523
([339], [331]) 0.8121023178100586
([340], [332]) 0.8698844909667969
([341], [333]) 0.5948283672332764
([342], [334]) 0.4049447178840637
([343], [335]) 0.2921404540538788
([344], [336]) 0.5805996656417847
([345], [337]) 0.6665132641792297
([346], [338]) 0.3812967836856842
([347], [339]) 0.5710919499397278
([348, 349], [340]) 0.4628322422504425
([350], [341]) 0.6573987007141113
([351], [342]) 0.46581825613975525
([352], [343]) 0.33889952301979065
([353], [344]) 0.635637640953064
([354], [345]) 0.4536515772342682
([355], [346]) 0.5924881100654602
([356], [347]) 0.6570848822593689
([357], [348]) 0.635473370552063
([358], [349]) 0.6388519406318665
([359], [350]) 0.48012036085128784
([360], [351]) 0.6148393750190735
([361], [352]) 0.41054707765579224
([362], [353]) 0.6598096489906311
([363], [354]) 0.19479769468307495
([364], [355]) 0.5039747953414917
([365], [356]) 0.5406176447868347
([366, 367], [357]) 0.46497130393981934
([368], [358]) 0.5398939251899719
([369], [359]) 0.5243266224861145
([370], [360]) 0.467569500207901
([371], [361]) 0.4644133448600769
([372, 373], [362]) 0.43936246633529663
([374], [363]) 0.4790340065956116
([375], [364]) 0.4557858407497406
([376], [365]) 0.45458605885505676
([377], [366]) 0.2587299942970276
([378], [367]) 0.5655090808868408
([379], [368]) 0.6122760772705078
([380, 381], [369]) 0.4485175609588623
([382], [370]) 0.5697299838066101
([383], [371]) 0.4747212827205658
([384], [372]) 0.5182836055755615
([385], [373]) 0.4326173961162567
([386], [374]) 0.46155261993408203
([387], [375]) 0.336302250623703
([388], [376]) 0.6217509508132935
([389], [377]) 0.47940436005592346
([390], [378]) 0.5087655782699585
([391, 392], [379]) 0.4218902885913849
([393], [380]) 0.47111088037490845
([394], [381]) 0.5623000860214233
([395], [382]) 0.4735509157180786
([396], [383]) 0.175730898976326
([397], [384]) 0.4740941822528839
([398], [385]) 0.24770468473434448
([399], [386]) 0.27355843782424927
([400], [387]) 0.4510110020637512
([401], [388]) 0.43079015612602234
([402], [389]) 0.7879108190536499
([403], [390]) 0.633831799030304
([404], [391]) 0.7372641563415527
([405], [392]) 0.3488005995750427
([406], [393]) 0.5231654644012451
([407], [394]) 0.49952512979507446
([408], [395]) 0.40283045172691345
([409], [396]) 0.6430550217628479
([410], [397]) 0.439873605966568
([411], [398]) 0.5130273699760437
([412], [399]) 0.4867797791957855
([413], [400]) 0.4146079421043396
([414], [401]) 0.53357994556427
([415], [402]) 0.4191906452178955
([416], [403]) 0.41452905535697937
([417], [404]) 0.47972744703292847
([418], [405]) 0.6891685724258423
([419], [406, 407]) 0.5699124336242676
([420], [408]) 0.8181425333023071
([421], [409]) 0.5684735178947449
([422], [410]) 0.47832655906677246
([423], [411]) 0.6871713399887085
([424], [412]) 0.43994078040122986
([425, 426], [413]) 0.504202663898468
([427], [414]) 0.4773496091365814
([428], [415]) 0.2883899211883545
([429], [416]) 0.46540987491607666
([430, 431], [417]) 0.5405800342559814
([432], [418]) 0.430310994386673
([433], [419, 420]) 0.5495617985725403
([434], [421]) 0.6180244088172913
([435], [422]) 0.4399791359901428
([436], [423]) 0.38070863485336304
([437], [424]) 0.5092055201530457
([438], [425]) 0.5312135219573975
([439, 440], [426]) 0.26237136125564575
([441], [427]) 0.37203729152679443
([442], [428]) 0.6003305912017822
([443], [429]) 0.5890792608261108
([444], [430]) 0.5402165651321411
([445], [431]) 0.321081280708313
([446, 447, 448], [432]) 0.344135324160258
([449], [433]) 0.5078257918357849
([450, 451], [434]) 0.5786620378494263
([452], [435]) 0.732974648475647
([453], [436]) 0.45489323139190674
([454], [437]) 0.4800433814525604
([455], [438]) 0.6574685573577881
([456], [439]) 0.8394376039505005
([457], [440]) 0.6824979782104492
([458], [441]) 0.8128706216812134
([459], [442]) 0.43731266260147095
([460], [443]) 0.47438010573387146
([461], [444, 445]) 0.48764124512672424
([462, 463], [446]) 0.4248809218406677
([464], [447]) 0.41059207916259766
([465], [448]) 0.4635726511478424
([466], [449]) 0.6358785629272461
([467], [450]) 0.27866801619529724
([468], [451]) 0.4906412661075592
([469, 470], [452]) 0.6306984424591064
([471], [453]) 0.628322958946228
([472], [454]) 0.5690139532089233
([473], [455]) 0.37624043226242065
([474], [456]) 0.5357685089111328
([475], [457]) 0.5046311020851135
([476], [458]) 0.40485110878944397
([477], [459]) 0.41900020837783813
([478], [460]) 0.43345168232917786
([479], [461, 462]) 0.290578156709671
([480], [463]) 0.32271185517311096
([481], [464]) 0.27108034491539
([482], [465]) 0.7090545892715454
([483], [466]) 0.493961900472641
([484], [467, 468]) 0.6666684746742249
([485], [469]) 0.5074185132980347
([486], [470]) 0.5266461372375488
([487], [471]) 0.4741656184196472
([488], [472]) 0.5491133332252502
([489], [473]) 0.4337848424911499
([490], [474]) 0.43226391077041626
([491], [475]) 0.4434942901134491
([492], [476]) 0.5653365254402161
([493], [477]) 0.5484516024589539
([494], [478]) 0.24126526713371277
([495], [479]) 0.5351323485374451
([496], [480]) 0.6603500843048096
([497], [481]) 0.46877703070640564
([498], [482]) 0.3932505249977112
([499], [483]) 0.46330344676971436
([500], [484]) 0.7282930016517639
([501], [485]) 0.3522678017616272
([502], [486]) 0.46961238980293274
([503], [487]) 0.3831438720226288
([504], [488, 489]) 0.4271818697452545
([505], [490]) 0.5687581896781921
([506], [491]) 0.5204495191574097
([507], [492]) 0.5673524737358093
([508], [493]) 0.6001312732696533
([509], [494]) 0.52598637342453
([510], [495]) 0.4626886546611786
([511], [496]) 0.5112527012825012
([512], [497]) 0.4863547682762146
([513], [498]) 0.6299034357070923
([514], [499]) 0.3847948908805847
([515], [500]) 0.542180061340332
([516], [501]) 0.28374186158180237
([517], [502]) 0.4291350841522217
([518, 519, 520], [503]) 0.43329930305480957
([521], [504]) 0.34309595823287964
([522, 523], [505]) 0.23574848473072052
([524], [506]) 0.6521226763725281
([525], [507]) 0.3226161003112793
([526], [508, 509]) 0.49797365069389343
([527, 528], [510]) 0.5908153653144836
([529], [511]) 0.5260730385780334
([530], [512]) 0.2573245167732239
([531], [513]) 0.6108250021934509
([532], [514]) 0.3542637526988983
([533], [515]) 0.4550977647304535
([534], [516, 517]) 0.5673987865447998
([535], [518]) 0.3746572434902191
([536], [519]) 0.28062161803245544
([537], [520]) 0.19997963309288025
([538], [521]) 0.8946433067321777
([539], [522]) 0.45960375666618347
([540], [523]) 0.4394150674343109
([541], [524]) 0.46250298619270325
([542], [525]) 0.417812317609787
([543], [526]) 0.7192425727844238
([544], [527]) 0.7016045451164246
([545, 546], [528]) 0.3309360444545746
([547], [529]) 0.5900800824165344
([548], [530]) 0.4057975709438324
([549], [531]) 0.8590644001960754
([550], [532]) 0.3321714401245117
([551, 552], [533]) 0.5656831860542297
([553], [534]) 0.5990033745765686
([554], [535]) 0.5700058937072754
([555], [536]) 0.5356587767601013
([556, 557], [537]) 0.7219215035438538
([558], [538]) 0.6182952523231506
([559], [539]) 0.6695011854171753
([560], [540]) 0.2995043396949768
([561], [541]) 0.3756614327430725
([562, 563], [542]) 0.4496428370475769
([564], [543]) 0.68588787317276
([565], [544]) 0.48981773853302
([566], [545]) 0.48344358801841736
([567], [546]) 0.5786458849906921
([568], [547]) 0.6398525238037109
([569], [548, 549]) 0.3893333971500397
([570, 571], [550]) 0.48342806100845337
([572], [551]) 0.3573148548603058
([573], [552]) 0.5941064357757568
([574], [553]) 0.367144912481308
([575], [554]) 0.48476681113243103
([576], [555]) 0.6313942670822144
([577], [556]) 0.4243996739387512
([578, 579, 580], [557]) 0.5639334122339884
([581], [558]) 0.6241662502288818
([582], [559]) 0.7316350340843201
([583], [560]) 0.5181258320808411
([584, 585], [561]) 0.43367889523506165
([586, 587], [562]) 0.3825851082801819
([588], [563]) 0.43778401613235474
([589], [564]) 0.46936240792274475
([590], [565]) 0.40014344453811646
([591], [566]) 0.49010464549064636
([592], [567]) 0.35156866908073425
([593], [568]) 0.48698294162750244
([594, 595], [569]) 0.39200347661972046
([596], [570]) 0.42030954360961914
([597], [571, 572]) 0.3863562047481537
([598, 599], [573]) 0.46160241961479187
([600], [574]) 0.3228054642677307
([601], [575]) 0.5406860113143921
([602, 603], [576]) 0.7991474866867065
([604], [577]) 0.5580312013626099
([605], [578]) 0.3300597071647644
([606], [579]) 0.46511873602867126
([607], [580, 581]) 0.5564340353012085
([608], [582]) 0.5139742493629456
([609], [583]) 0.6096364259719849
([610, 611], [584]) 0.5074934363365173
([612], [585]) 0.460577130317688
([613, 614], [586]) 0.39972570538520813
([615], [587]) 0.5029593706130981
([616], [588]) 0.45512911677360535
([617], [589]) 0.3871327340602875
([618], [590]) 0.3747217655181885
([619, 620], [591]) 0.45631250739097595
([621], [592]) 0.6471190452575684
([622], [593]) 0.24831151962280273
([623], [594]) 0.7863233089447021
([624], [595]) 0.5892079472541809
([625], [596]) 0.42001157999038696
([626], [597]) 0.43729689717292786
([627, 628], [598]) 0.3867800235748291
([629], [599]) 0.5247039794921875
([630], [600]) 0.5882861614227295
([631], [601]) 0.45323681831359863
([632], [602]) 0.42869478464126587
([633], [603]) 0.5416867733001709
([634], [604]) 0.6901736855506897
([635], [605, 606]) 0.3870675563812256
([636], [607]) 0.4751832187175751
([637], [608]) 0.43626028299331665
([638], [609]) 0.7697304487228394
([639], [610]) 0.461832731962204
([640], [611]) 0.7002665996551514
([641], [612]) 0.46202796697616577
([642], [613]) 0.580205500125885
([643], [614]) 0.43783512711524963
([644], [615]) 0.7111509442329407
([645], [616]) 0.43903225660324097
([646], [617]) 0.6365956664085388
([647], [618]) 0.2907341718673706
([648], [619]) 0.6037251353263855
([649, 650], [620]) 0.33283865451812744
([651, 652, 653], [621]) 0.3337600628534953
([654], [622]) 0.5757288336753845
([655], [623]) 0.6383151412010193
([656], [624]) 0.28452157974243164
([657], [625]) 0.23786789178848267
([658], [626]) 0.5932304263114929
([659], [627]) 0.6572628617286682
([660], [628]) 0.30787259340286255
([661], [629]) 0.6712244749069214
([662], [630]) 0.3526040315628052
([663], [631]) 0.7388022541999817
([664], [632]) 0.49280524253845215
([665], [633]) 0.524541437625885
([666], [634]) 0.667728066444397
([667], [635]) 0.8540360331535339
([668], [636]) 0.5344015955924988
([669], [637]) 0.31650060415267944
([670], [638]) 0.28227367997169495
([671], [639]) 0.5299580693244934
([672], [640]) 0.526614785194397
([673], [641]) 0.41712644696235657
([674], [642]) 0.5971375107765198
([675, 676], [643]) 0.28338614106178284
([677], [644]) 0.32877182960510254
([678], [645]) 0.5102494359016418
([679], [646]) 0.7027010321617126
([680], [647]) 0.2938970625400543
([681], [648]) 0.3734188675880432
([682, 683, 684], [649]) 0.2912655870119731
([685, 686], [650]) 0.38094812631607056
([687], [651]) 0.469017893075943
([688, 689], [652]) 0.46412214636802673
([690], [653]) 0.6062642931938171
([691], [654, 655]) 0.4565138816833496
([692], [656]) 0.8331679105758667
([693], [657]) 0.467739462852478
([694, 695], [658]) 0.4213729798793793
([696], [659]) 0.5643646717071533
([697], [660]) 0.5901896953582764
([698, 699], [661]) 0.30908524990081787
([700], [662]) 0.393322229385376
([701], [663]) 0.4273625314235687
([702], [664]) 0.3982168734073639
([703], [665]) 0.4075468182563782
([704, 705, 706], [666]) 0.4887235959370931
([707], [667]) 0.6037062406539917
([708], [668]) 0.4154858887195587
([709], [669]) 0.3473850190639496
([710], [670]) 0.5724434852600098
([711], [671]) 0.48756149411201477
([712], [672]) 0.417839378118515
([713], [673]) 0.6766584515571594
([714], [674]) 0.3503821790218353
([715], [675]) 0.47314026951789856
([716], [676]) 0.3612098693847656
([717], [677]) 0.45128798484802246
([718], [678]) 0.5391533970832825
([719], [679]) 0.4693610668182373
([720], [680]) 0.5105767846107483
([721, 722], [681]) 0.4213621914386749
([723], [682]) 0.42646002769470215
([724], [683]) 0.7690810561180115
([725], [684]) 0.5583382248878479
([726], [685]) 0.5330119132995605
([727], [686]) 0.7191684246063232
([728], [687]) 0.4684467017650604
([729, 730], [688]) 0.4118654131889343
([731], [689]) 0.6933683156967163
([732], [690]) 0.3887481689453125
([733], [691]) 0.7656405568122864
([734], [692]) 0.5905572772026062
([735], [693]) 0.18740223348140717
([736], [694]) 0.5421800017356873
([737, 738], [695]) 0.48783251643180847
([739], [696]) 0.4702168107032776
([740, 741], [697]) 0.5428030490875244
([742], [698]) 0.5450138449668884
([743], [699]) 0.4070841372013092
([744], [700]) 0.5756024718284607
([745], [701]) 0.5090898275375366
([746], [702]) 0.42502549290657043
([747], [703]) 0.31451404094696045
([748], [704]) 0.30879491567611694
([749], [705]) 0.40464717149734497
([750], [706]) 0.5649038553237915
([751], [707]) 0.2984979450702667
([752], [708]) 0.40874338150024414
([753], [709]) 0.4165673851966858
([754], [710]) 0.5185211300849915
([755], [711]) 0.42751824855804443
([756], [712]) 0.46692317724227905
([757], [713]) 0.44178712368011475
([758], [714]) 0.711152195930481
([759], [715]) 0.5204727053642273
([760, 761], [716]) 0.48552972078323364
([762], [717]) 0.44324642419815063
([763], [718]) 0.561556875705719
([764], [719]) 0.5936138033866882
([765], [720, 721]) 0.7523525953292847
([766], [722]) 0.5134690999984741
([767], [723, 724]) 0.3975309431552887
([768], [725]) 0.8897469639778137
([769], [726]) 0.4953148663043976
([770], [727]) 0.40808603167533875
([771], [728]) 0.5762677192687988
([772], [729]) 0.5479727387428284
([773], [730]) 0.3881402313709259
([774, 775], [731]) 0.4936103820800781
([776], [732]) 0.6707655787467957
([777], [733]) 0.6857478022575378
([778], [734]) 0.9236217141151428
([779, 780], [735]) 0.40193212032318115
([781], [736]) 0.6537574529647827
([782], [737]) 0.6856850385665894
([783], [738]) 0.4259415864944458
([784], [739]) 0.6445257663726807
([785], [740, 741]) 0.6031258702278137
([786], [742]) 0.448505163192749
([787], [743]) 0.4130105674266815
([788], [744]) 0.6140997409820557
([789], [745]) 0.5428101420402527
([790], [746]) 0.6382424831390381
([791], [747]) 0.22266925871372223
([792, 793], [748]) 0.727363646030426
