([0, 1], [0]) 0.40549740195274353
([2, 3], [1]) 0.31307023763656616
([4], [2]) 0.46251899003982544
([5], [3]) 0.32846128940582275
([6], [4]) 0.32248660922050476
([7], [5]) 0.46191275119781494
([8, 9], [6]) 0.445193350315094
([10, 11], [7]) 0.4327620267868042
([12], [8]) 0.6387210488319397
([13], [9]) 0.41978299617767334
([14], [10]) 0.6555888652801514
([15], [11]) 0.34029603004455566
([16], [12]) 0.312011182308197
([17], [13]) 0.39227667450904846
([18], [14]) 0.48624858260154724
([19], [15]) 0.32814645767211914
([20], [16]) 0.520391047000885
([21, 22], [17]) 0.4261493980884552
([23], [18]) 0.413002073764801
([24], [19]) 0.3535299599170685
([25], [20]) 0.6966375708580017
([26, 27], [21]) 0.37952762842178345
([28, 29], [22]) 0.4526543617248535
([30, 31, 32], [23]) 0.4842657248179118
([33], [24]) 0.551453709602356
([34], [25]) 0.37443608045578003
([35], [26]) 0.5001841187477112
([36], [27, 28, 29]) 0.3174511988957723
([37], [30]) 0.36492934823036194
([38], [31]) 0.38937199115753174
([39, 40], [32]) 0.34709009528160095
([41], [33]) 0.48277226090431213
([42, 43], [34]) 0.4629593789577484
([44], [35]) 0.4796954393386841
([45, 46, 47], [36]) 0.3417954444885254
([48], [37, 38]) 0.5271962881088257
([49], [39]) 0.4848313331604004
([50], [40]) 0.5488125085830688
([51], [41]) 0.32777735590934753
([52], [42]) 0.5047247409820557
([53], [43]) 0.6185146570205688
([54], [44]) 0.3823085129261017
([55, 56], [45]) 0.3839230537414551
([57], [46]) 0.3847157955169678
([58], [47]) 0.5218411684036255
([59, 60], [48, 49]) 0.26981019973754883
([61], [50, 51]) 0.3752976357936859
([62], [52]) 0.2869264483451843
([63], [53]) 0.47346964478492737
([64], [54, 55]) 0.4823947250843048
([65], [56]) 0.4618874490261078
([66, 67, 68], [57]) 0.31189270814259845
([69], [58, 59, 60]) 0.18993371725082397
([70], [61]) 0.4581516683101654
([71], [62]) 0.3838890492916107
([72, 73], [63]) 0.3898348808288574
([74], [64]) 0.30320101976394653
([75, 76], [65]) 0.2738691568374634
([77, 78], [66]) 0.44763633608818054
([79, 80], [67]) 0.5127449035644531
([81], [68]) 0.5463546514511108
([82], [69]) 0.3438294231891632
([83], [70]) 0.5861750841140747
([84], [71]) 0.2596319317817688
([85], [72]) 0.4828442335128784
([86, 87], [73, 74]) 0.25368404388427734
([88], [75]) 0.5293562412261963
([89, 90], [76]) 0.3688279092311859
([91], [77]) 0.649890661239624
([92], [78, 79]) 0.4473155438899994
([93], [80]) 0.4247859716415405
([94, 95, 96], [81]) 0.29012612501780194
([97], [82]) 0.5257557034492493
([98], [83]) 0.4710398018360138
([99], [84]) 0.37066707015037537
([100], [85, 86]) 0.30177801847457886
([101], [87]) 0.363907128572464
([102], [88]) 0.39790505170822144
([103], [89, 90]) 0.4774199426174164
([104], [91]) 0.39912012219429016
([105], [92]) 0.2560598850250244
([106], [93]) 0.3481276035308838
([107], [94]) 0.4480845630168915
([108], [95, 96]) 0.4832431375980377
([109], [97, 98]) 0.37599682807922363
([110, 111], [99]) 0.41149404644966125
([112], [100, 101]) 0.24518458545207977
([113], [102]) 0.48278093338012695
([114, 115], [103]) 0.39718809723854065
([116], [104]) 0.43289914727211
([117], [105]) 0.4066130220890045
([118], [106]) 0.40246450901031494
([119], [107]) 0.5993284583091736
([120, 121], [108]) 0.3924628794193268
([122], [109]) 0.2569737434387207
([123], [110]) 0.6109537482261658
([124], [111, 112]) 0.4587845802307129
([125], [113]) 0.4260522127151489
([126], [114]) 0.35682615637779236
([127], [115]) 0.381777822971344
([128], [116]) 0.27793416380882263
([129], [117]) 0.5083339810371399
([130], [118]) 0.5694475173950195
([131], [119, 120]) 0.36947324872016907
([132], [121]) 0.6890981793403625
([133, 134], [122]) 0.5321601629257202
([135], [123]) 0.5050450563430786
([136, 137], [124]) 0.35398879647254944
([138, 139], [125]) 0.42498114705085754
([140], [126]) 0.3304494023323059
([141], [127]) 0.485240638256073
([142], [128]) 0.3984948992729187
([143], [129]) 0.6134344935417175
([144], [130]) 0.4188942313194275
([145], [131]) 0.32891520857810974
([146], [132]) 0.3225696086883545
([147], [133, 134]) 0.27924466133117676
([148], [135]) 0.26173168420791626
([149], [136, 137]) 0.37544912099838257
([150], [138, 139]) 0.444463849067688
([151], [140]) 0.3354651927947998
([152], [141]) 0.652819037437439
([153], [142]) 0.8407990336418152
([154], [143]) 0.4422552287578583
([155, 156, 157, 158], [144]) 0.27925291657447815
([159], [145]) 0.45753225684165955
([160, 161, 162], [146]) 0.6827780405680338
([163], [147]) 0.6283000111579895
([164], [148]) 0.4688282310962677
([165, 166], [149]) 0.3352794051170349
([167], [150]) 0.3303404450416565
([168], [151]) 0.5030155181884766
([169], [152]) 0.37628844380378723
([170, 171], [153]) 0.30607032775878906
([172], [154]) 0.23819267749786377
([173], [155]) 0.343324214220047
([174], [156]) 0.2836882174015045
([175], [157]) 0.2902657687664032
([176], [158]) 0.14034146070480347
([177], [159]) 0.281497061252594
([178, 179, 180, 181], [160]) 0.38751983642578125
([182], [161, 162]) 0.5130704045295715
([183], [163]) 0.5804394483566284
([184], [164]) 0.3472771942615509
([185, 186], [165]) 0.5491876602172852
([187, 188], [166]) 0.43976712226867676
([189, 190, 191, 192], [167]) 0.43553003668785095
([193, 194], [168]) 0.5223953127861023
([195], [169]) 0.5744536519050598
([196, 197], [170]) 0.38816583156585693
([198], [171, 172]) 0.4382091462612152
([199, 200], [173]) 0.5567001700401306
([201], [174]) 0.7166031002998352
([202], [175]) 0.4102419912815094
([203], [176]) 0.39434221386909485
([204], [177]) 0.3821624219417572
([205], [178]) 0.6865869760513306
([206], [179, 180]) 0.5574240684509277
([207], [181]) 0.8402274250984192
([208], [182]) 0.9281163811683655
([209], [183]) 0.5109931826591492
([210], [184]) 0.4373948276042938
([211], [185]) 0.5767541527748108
([212], [186]) 0.8059813976287842
([213], [187]) 0.6090841293334961
([214, 215], [188]) 0.4300510585308075
([216, 217, 218], [189]) 0.49975653489430744
([219], [190]) 0.4348745346069336
([220], [191]) 0.4127710461616516
([221, 222], [192]) 0.37555500864982605
([223], [193]) 0.3668842315673828
([224], [194]) 0.4074375033378601
([225], [195]) 0.31904512643814087
([226], [196]) 0.43793797492980957
([227], [197]) 0.37948232889175415
([228, 229], [198]) 0.35391324758529663
([230, 231], [199]) 0.48564520478248596
([232], [200]) 0.3637830317020416
([233, 234], [201]) 0.3742753863334656
([235], [202]) 0.21845223009586334
([236], [203]) 0.490774542093277
([237], [204]) 0.33349883556365967
([238], [205]) 0.25115495920181274
([239, 240], [206]) 0.3942853510379791
([241, 242], [207]) 0.37686190009117126
([243], [208]) 0.6805151104927063
([244, 245, 246], [209]) 0.41600489616394043
([247], [210]) 0.1843625009059906
([248], [211]) 0.3172574043273926
([249], [212]) 0.47919562458992004
([250], [213]) 0.32872137427330017
([251], [214]) 0.47348275780677795
([252, 253], [215]) 0.5440600514411926
([254], [216]) 0.6508187651634216
([255], [217]) 0.3112867772579193
([256], [218]) 0.5005114078521729
([257], [219]) 0.5229756236076355
([258], [220]) 0.5222561359405518
([259], [221]) 0.3630537986755371
([260], [222]) 0.2379562258720398
([261], [223]) 0.375873327255249
([262, 263], [224]) 0.2845146059989929
([264], [225]) 0.29314810037612915
([265], [226]) 0.3386323153972626
([266, 267], [227]) 0.5722496509552002
([268], [228]) 0.4377851188182831
([269], [229]) 0.36970317363739014
([270], [230]) 0.5119093060493469
([271, 272], [231]) 0.36356014013290405
([273], [232]) 0.3190819025039673
([274], [233]) 0.4522651433944702
([275], [234]) 0.41034165024757385
([276], [235]) 0.4517793655395508
([277], [236]) 0.38436150550842285
([278], [237]) 0.5487828850746155
([279], [238]) 0.5094345808029175
([280, 281, 282], [239]) 0.47313908735911053
([283, 284], [240]) 0.3155391216278076
([285], [241]) 0.5319418907165527
([286], [242, 243]) 0.32859402894973755
([287], [244]) 0.37148937582969666
([288], [245]) 0.31367695331573486
([289], [246, 247]) 0.3887639343738556
([290, 291], [248]) 0.5150948166847229
([292], [249]) 0.4003472626209259
([293], [250]) 0.3279375433921814
([294], [251]) 0.6053658127784729
([295], [252]) 0.4647606313228607
([296], [253]) 0.4260624945163727
([297, 298], [254]) 0.30111920833587646
([299], [255]) 0.3907720744609833
([300], [256]) 0.23972398042678833
([301], [257]) 0.4849788248538971
([302], [258]) 0.48723894357681274
([303], [259]) 0.3458815813064575
([304], [260]) 0.4301620423793793
([305], [261]) 0.4071676433086395
([306, 307], [262]) 0.4635189175605774
([308], [263]) 0.31574195623397827
([309], [264]) 0.2628489136695862
([310], [265]) 0.4142998456954956
([311], [266]) 0.7225121855735779
([312, 313], [267]) 0.2532663345336914
([314, 315], [268]) 0.325797438621521
([316, 317], [269]) 0.40068358182907104
([318], [270]) 0.2524718940258026
([319], [271]) 0.41520723700523376
([320], [272]) 0.3404025137424469
([321], [273]) 0.8065174221992493
([322, 323], [274]) 0.5522971153259277
([324], [275, 276]) 0.3295609951019287
([325], [277]) 0.48516717553138733
([326], [278, 279]) 0.6398500800132751
([327, 328], [280]) 0.346371054649353
([329], [281, 282]) 0.18661373853683472
([330], [283]) 0.31424054503440857
([331], [284]) 0.2692120373249054
([332], [285]) 0.3756713569164276
([333], [286]) 0.406831830739975
([334], [287]) 0.24643966555595398
([335, 336], [288]) 0.2825447618961334
([337], [289]) 0.25753745436668396
([338, 339, 340], [290]) 0.38014690081278485
([341], [291]) 0.39538609981536865
([342], [292]) 0.23596462607383728
([343], [293]) 0.28565260767936707
([344], [294]) 0.2226642370223999
([345], [295]) 0.22537848353385925
([346, 347, 348], [296]) 0.4756832520167033
([349], [297]) 0.6511443257331848
([350], [298]) 0.6740888357162476
([351], [299]) 0.35068097710609436
([352], [300]) 0.2707458734512329
([353], [301]) 0.3922203779220581
([354], [302, 303]) 0.26939862966537476
([355], [304]) 0.33255988359451294
([356], [305]) 0.3234221637248993
([357], [306]) 0.3169739842414856
([358], [307]) 0.3118829131126404
([359], [308]) 0.564717173576355
([360], [309]) 0.2547009587287903
([361], [310]) 0.4025220274925232
([362, 363], [311]) 0.4390011131763458
([364], [312]) 0.5339029431343079
([365], [313]) 0.5598146319389343
([366, 367], [314]) 0.30405986309051514
([368], [315]) 0.36086714267730713
([369], [316]) 0.31566643714904785
([370], [317]) 0.3767852783203125
([371], [318]) 0.4045824110507965
([372], [319]) 0.3528265953063965
([373], [320]) 0.3170698881149292
([374], [321, 322]) 0.33612486720085144
([375], [323]) 0.8615989089012146
([376, 377], [324]) 0.47246795892715454
([378], [325]) 0.46679726243019104
([379, 380, 381, 382, 383], [326]) 0.3201744794845581
([384, 385], [327]) 0.4926542043685913
([386], [328]) 0.4182858467102051
([387], [329]) 0.19610145688056946
([388], [330, 331]) 0.18142405152320862
([389], [332]) 0.32113486528396606
([390], [333]) 0.5465244650840759
([391], [334]) 0.24837344884872437
([392, 393], [335]) 0.26183611154556274
([394], [336]) 0.2508031725883484
([395], [337]) 0.3906705677509308
([396], [338]) 0.18440330028533936
([397, 398], [339]) 0.264476478099823
([399], [340]) 0.28501272201538086
([400], [341]) 0.33860504627227783
([401], [342]) 0.23760618269443512
([402], [343]) 0.33670786023139954
([403], [344, 345]) 0.2470398098230362
([404], [346]) 0.19569967687129974
([405], [347]) 0.5239430665969849
([406], [348, 349]) 0.5440675616264343
([407], [350]) 0.19572164118289948
([408], [351]) 0.3692179322242737
([409], [352]) 0.35998454689979553
([410], [353]) 0.33201518654823303
([411, 412], [354]) 0.29114779829978943
([413], [355]) 0.24227313697338104
([414], [356]) 0.8537803292274475
([415], [357]) 0.6037628650665283
([416], [358]) 0.3912312686443329
([417], [359]) 0.42828160524368286
([418], [360]) 0.2261107712984085
([419], [361]) 0.27893224358558655
([420], [362]) 0.4261704981327057
([421], [363]) 0.26849114894866943
([422], [364, 365]) 0.3100951313972473
([423], [366]) 0.27053871750831604
([424], [367]) 0.36950722336769104
([425], [368]) 0.22868366539478302
([426], [369]) 0.30590638518333435
([427], [370]) 0.23275800049304962
([428], [371]) 0.2914765179157257
([429, 430], [372]) 0.3020796477794647
([431], [373]) 0.35107290744781494
([432], [374]) 0.4663815498352051
([433, 434], [375]) 0.3107301592826843
([435, 436, 437], [376]) 0.3303978641827901
([438, 439, 440, 441], [377]) 0.25571197271347046
([442], [378, 379]) 0.4556783139705658
([443], [380]) 0.32599058747291565
([444], [381]) 0.2861768901348114
([445], [382, 383]) 0.36391958594322205
([446], [384]) 0.3662671744823456
([447], [385]) 0.4876401424407959
([448], [386]) 0.38384926319122314
([449], [387]) 0.50029057264328
([450, 451], [388]) 0.6618212461471558
([452], [389]) 0.44027045369148254
([453], [390]) 0.3684585392475128
([454], [391, 392]) 0.5011542439460754
([455], [393]) 0.6463220119476318
([456, 457], [394]) 0.39752522110939026
([458], [395]) 0.37989485263824463
([459], [396]) 0.2019718587398529
([460], [397]) 0.27321285009384155
([461], [398]) 0.35764893889427185
([462], [399]) 0.2771664559841156
([463], [400]) 0.28744179010391235
([464], [401, 402]) 0.27084580063819885
([465, 466, 467], [403]) 0.38708364963531494
([468, 469], [404]) 0.28246772289276123
([470, 471], [405]) 0.2953047454357147
([472, 473, 474], [406]) 0.301822304725647
([475], [407]) 0.2519148588180542
([476], [408, 409]) 0.49293452501296997
([477], [410]) 0.3256340026855469
([478, 479, 480, 481], [411]) 0.24921518564224243
([482], [412]) 0.3540548086166382
([483], [413]) 0.40330350399017334
([484], [414]) 0.23126737773418427
([485], [415]) 0.2594242990016937
([486], [416]) 0.36087676882743835
([487], [417]) 0.22064979374408722
([488], [418]) 0.3615862727165222
([489], [419]) 0.7180262804031372
([490], [420]) 0.2089325189590454
([491], [421]) 0.38319534063339233
([492], [422, 423]) 0.2652532756328583
([493], [424]) 0.21636134386062622
([494], [425]) 0.31058910489082336
([495, 496], [426]) 0.39102569222450256
([497, 498, 499], [427]) 0.42899858951568604
([500, 501], [428]) 0.35678830742836
([502, 503], [429]) 0.3474728465080261
([504], [430, 431]) 0.4555361866950989
([505], [432]) 0.40123119950294495
([506], [433]) 0.15258799493312836
([507], [434]) 0.46085357666015625
([508], [435]) 0.5450265407562256
([509, 510, 511, 512], [436]) 0.30373111367225647
([513, 514, 515], [437]) 0.40230151017506915
([516, 517, 518], [438]) 0.3360450665156047
([519, 520], [439]) 0.38294467329978943
([521], [440]) 0.25520461797714233
([522, 523], [441]) 0.2887543737888336
([524, 525], [442]) 0.21699705719947815
([526], [443]) 0.30052754282951355
([527, 528], [444]) 0.39330002665519714
([529, 530], [445]) 0.5089364051818848
([531, 532, 533], [446]) 0.2844697833061218
([534, 535], [447]) 0.41962867975234985
([536, 537], [448]) 0.29324206709861755
([538, 539], [449]) 0.4108280539512634
([540], [450]) 0.269718199968338
([541, 542], [451]) 0.4702145457267761
([543], [452]) 0.501071035861969
([544], [453]) 0.646790087223053
([545], [454]) 0.27205657958984375
([546], [455]) 0.33492985367774963
([547], [456]) 0.3057556450366974
([548], [457, 458]) 0.6367166638374329
([549, 550, 551], [459]) 0.31337682406107586
([552, 553], [460]) 0.45786628127098083
([554], [461]) 0.3117046058177948
([555, 556], [462]) 0.3496581017971039
([557], [463]) 0.5613433122634888
([558], [464]) 0.18428006768226624
([559, 560], [465]) 0.5075260400772095
([561], [466, 467]) 0.5129771828651428
([562, 563], [468]) 0.3209626376628876
([564], [469]) 0.4890889525413513
([565], [470, 471, 472]) 0.22619183858235678
([566, 567], [473]) 0.34894609451293945
([568, 569], [474]) 0.2531740367412567
([570], [475]) 0.3277571201324463
([571], [476]) 0.5852659940719604
([572], [477]) 0.3008473515510559
([573, 574], [478]) 0.301566481590271
([575], [479]) 0.24109309911727905
([576], [480]) 0.8152158260345459
([577, 578], [481]) 0.2760619521141052
([579], [482]) 0.10158917307853699
([580], [483]) 0.20721940696239471
([581, 582], [484]) 0.31845229864120483
([583], [485]) 0.2660563886165619
([584], [486]) 0.3107140064239502
([585], [487]) 0.49492186307907104
([586], [488]) 0.3455145061016083
([587], [489]) 0.2609432339668274
([588], [490]) 0.22802092134952545
([589], [491]) 0.2599179744720459
([590], [492]) 0.7126840949058533
([591, 592], [493]) 0.28459545969963074
([593], [494]) 0.2527749836444855
([594], [495]) 0.2798886001110077
([595], [496]) 0.4636369049549103
([596], [497]) 0.29635483026504517
([597], [498, 499, 500]) 0.478515625
([598], [501, 502]) 0.35465869307518005
([599], [503, 504]) 0.2342379093170166
([600], [505, 506]) 0.21428182721138
([601], [507]) 0.4481073319911957
([602], [508, 509]) 0.5331275463104248
([603], [510]) 0.27203357219696045
([604], [511]) 0.4395518898963928
([605], [512, 513, 514]) 0.5229995648066202
([606], [515]) 0.3266559839248657
([607], [516]) 0.2551794648170471
([608], [517, 518, 519]) 0.3264571825663249
([609], []) 0.0
