([0], [0]) 0.4494137763977051
([1], [1]) 0.23281554877758026
([2, 3], [2]) 0.4938361346721649
([4, 5, 6], [3]) 0.3141683340072632
([7, 8], [4]) 0.45570021867752075
([9], [5, 6]) 0.26909878849983215
([10, 11], [7]) 0.31282222270965576
([12], [8]) 0.40747010707855225
([13], [9]) 0.21419645845890045
([14, 15, 16, 17], [10]) 0.31899699568748474
([18], [11]) 0.3281082212924957
([19], [12]) 0.5017860531806946
([20], [13]) 0.5508623719215393
([21], [14]) 0.4119689166545868
([22], [15]) 0.5595429539680481
([23], [16]) 0.48458346724510193
([24], [17]) 0.7124200463294983
([25, 26], [18]) 0.6046407222747803
([27], [19]) 0.3594096899032593
([28], [20]) 0.4830531179904938
([29], [21]) 0.565835177898407
([30], [22]) 0.2897294759750366
([31], [23]) 0.4071139097213745
([32], [24]) 0.4230647087097168
([33], [25]) 0.4235418140888214
([34], [26]) 0.40077266097068787
([35, 36, 37], [27]) 0.24555611610412598
([38], [28]) 0.6337815523147583
([39], [29]) 0.28440573811531067
([40], [30]) 0.5499765276908875
([41], [31]) 0.6019468307495117
([42], [32]) 0.4853069484233856
([43], [33]) 0.3335059583187103
([44], [34]) 0.8354429006576538
([45], [35]) 0.17152492702007294
([46], [36]) 0.4943631887435913
([47, 48], [37]) 0.2836982309818268
([49, 50], [38]) 0.3886690139770508
([51], [39]) 0.6038391590118408
([52], [40]) 0.524174690246582
([53, 54], [41]) 0.5326536297798157
([55, 56], [42]) 0.4817272424697876
([57, 58, 59, 60], [43]) 0.29867878556251526
([61], [44]) 0.456910103559494
([62], [45]) 0.2664448916912079
([63], [46]) 0.5527596473693848
([64], [47]) 0.5272985100746155
([65], [48]) 0.35489869117736816
([66], [49]) 0.5441604256629944
([67], [50]) 0.4138287305831909
([68], [51]) 0.42600351572036743
([69], [52]) 0.38621145486831665
([70, 71], [53]) 0.42215436697006226
([72], [54, 55]) 0.5288181900978088
([73], [56]) 0.3715798258781433
([74], [57]) 0.7017213106155396
([75], [58]) 0.30740445852279663
([76], [59]) 0.36688488721847534
([77], [60]) 0.4134715795516968
([78, 79], [61]) 0.39841902256011963
([80], [62]) 0.41932258009910583
([81], [63]) 0.5500339865684509
([82], [64]) 0.5688695311546326
([83], [65]) 0.554813802242279
([84], [66]) 0.4264019727706909
([85], [67]) 0.4356246590614319
([86], [68]) 0.29571419954299927
([87], [69]) 0.3874918520450592
([88], [70]) 0.5156340599060059
([89], [71]) 0.4855231046676636
([90], [72]) 0.304961621761322
([91], [73]) 0.3715868294239044
([92], [74]) 0.39832594990730286
([93], [75]) 0.7723971009254456
([94], [76]) 0.5649466514587402
([95], [77]) 0.34590959548950195
([96], [78]) 0.5788224935531616
([97, 98], [79]) 0.45228105783462524
([99], [80]) 0.336198627948761
([100], [81]) 0.3002986013889313
([101, 102, 103], [82]) 0.41524704297383624
([104], [83]) 0.7039151191711426
([105], [84]) 0.3673993945121765
([106], [85]) 0.326856791973114
([107], [86]) 0.42209407687187195
([108], [87]) 0.6609593033790588
([109], [88]) 0.610207200050354
([110], [89]) 0.4975888431072235
([111], [90]) 0.6349214911460876
([112], [91, 92]) 0.7431097030639648
([113], [93]) 0.48964717984199524
([114, 115], [94]) 0.5386755466461182
([116], [95]) 0.6137120723724365
([117], [96]) 0.6850771903991699
([118], [97]) 0.5671525597572327
([119], [98]) 0.7934949398040771
([120], [99]) 0.3835383355617523
([121, 122, 123], [100]) 0.372909148534139
([124], [101, 102]) 0.5248851180076599
([125], [103]) 0.3856411874294281
([126], [104]) 0.4354268014431
([127], [105]) 0.4972766041755676
([128], [106]) 0.38409650325775146
([129, 130], [107]) 0.5440346598625183
([131], [108]) 0.70696622133255
([132], [109]) 0.46684494614601135
([133, 134], [110]) 0.40233704447746277
([135], [111]) 0.28853729367256165
([136], [112]) 0.4781699776649475
([137], [113]) 0.47715654969215393
([138], [114]) 0.18313680589199066
([139], [115]) 0.36424073576927185
([140], [116]) 0.6077688932418823
([141], [117]) 1.0663875341415405
([142], [118]) 0.4718695282936096
([143], [119]) 0.3601961135864258
([144], [120]) 0.2972150444984436
([145], [121]) 0.5591113567352295
([146], [122]) 0.3995596170425415
([147], [123]) 0.5128840208053589
([148], [124]) 0.6455207467079163
([149], [125, 126]) 0.406432569026947
([150, 151], [127]) 0.3519018292427063
([152], [128]) 0.4900268614292145
([153], [129]) 0.5803821682929993
([154], [130]) 0.34916406869888306
([155], [131, 132]) 0.5818755030632019
([156], [133]) 0.5180647373199463
([157], [134, 135]) 0.3632494807243347
([158], [136]) 0.6149442195892334
([159], [137]) 0.5865581035614014
([160], [138]) 0.5165168046951294
([161], [139]) 0.4400220215320587
([162], [140]) 0.4302551746368408
([163, 164], [141]) 0.3185502290725708
([165, 166], [142]) 0.46874040365219116
([167], [143]) 0.4920506477355957
([168], [144]) 0.53745436668396
([169], [145]) 0.5965038537979126
([170], [146]) 0.4817730486392975
([171], [147]) 0.6229771375656128
([172, 173], [148]) 0.4517399072647095
([174, 175], [149]) 0.5749650597572327
([176, 177], [150]) 0.46940240263938904
([178], [151]) 0.40003082156181335
([179, 180], [152]) 0.4702155888080597
([181], [153]) 0.6587072610855103
([182], [154]) 0.4299081563949585
([183], [155]) 0.36990615725517273
([184], [156]) 0.30956408381462097
([185, 186], [157]) 0.28413325548171997
([187], [158]) 0.41713449358940125
([188], [159]) 0.49725401401519775
([189, 190], [160]) 0.3406803607940674
([191], [161, 162]) 0.48438775539398193
([192], [163]) 0.5423141717910767
([193], [164]) 0.356032133102417
([194], [165]) 0.7036914825439453
([195, 196], [166]) 0.23270896077156067
([197], [167]) 0.3787020146846771
([198], [168]) 0.53443843126297
([199], [169]) 0.47028404474258423
([200], [170]) 0.4535555839538574
([201], [171]) 0.4881521165370941
([202], [172, 173]) 0.3619033694267273
([203, 204], [174]) 0.6824436783790588
([205], [175]) 0.6479141712188721
([206], [176]) 0.5781680941581726
([207], [177]) 0.6045418977737427
([208, 209], [178]) 0.4155006408691406
([210], [179, 180]) 0.511179506778717
([211], [181]) 0.7298067808151245
([212], [182]) 0.47572311758995056
([213], [183]) 0.3517613410949707
([214], [184]) 0.4985503554344177
([215], [185]) 0.5513497591018677
([216], [186]) 0.6058394312858582
([217], [187]) 0.48639172315597534
([218], [188]) 0.39526569843292236
([219], [189]) 0.783435046672821
([220], [190]) 0.5879057049751282
([221], [191]) 0.31779763102531433
([222], [192]) 0.43782344460487366
([223, 224], [193]) 0.4835851192474365
([225], [194]) 0.5052679181098938
([226], [195]) 0.5777856707572937
([227], [196]) 0.5516772866249084
([228], [197]) 0.5052295923233032
([229], [198, 199]) 0.5179803371429443
([230], [200]) 0.23794661462306976
([231], [201]) 0.5686908960342407
([232, 233], [202]) 0.4629117250442505
([234], [203]) 0.6460617184638977
([235], [204]) 0.48030105233192444
([236], [205]) 0.6448444128036499
([237], [206]) 0.39968499541282654
([238], [207]) 0.6049021482467651
([239], [208]) 0.7398010492324829
([240], [209]) 0.5267304182052612
([241, 242], [210]) 0.5022660493850708
([243], [211]) 0.6475535035133362
([244], [212]) 0.5020859837532043
([245], [213]) 0.866878867149353
([246], [214]) 0.3649483621120453
([247], [215]) 0.5232399106025696
([248, 249, 250, 251], [216]) 0.4169280230998993
([252], [217]) 0.46802636981010437
([253, 254], [218]) 0.35391688346862793
([255], [219]) 0.5257026553153992
([256, 257, 258, 259], [220]) 0.4094642400741577
([260], [221]) 0.2887631952762604
([261], [222]) 0.3345600962638855
([262], [223]) 0.4668869078159332
([263], [224]) 0.2868760824203491
([264], [225]) 0.23216693103313446
([265], [226]) 0.6204155087471008
([266], [227]) 0.553496241569519
([267, 268], [228]) 0.3414725065231323
([269], [229]) 0.5642789602279663
([270], [230]) 0.3121757209300995
([271], [231]) 0.44030308723449707
([272], [232]) 0.6080443859100342
([273], [233]) 0.47339174151420593
([274], [234]) 0.6695617437362671
([275], [235]) 0.3844278156757355
([276], [236]) 0.6669877767562866
([277], [237]) 0.535851001739502
([278], [238]) 0.6706231832504272
([279], [239]) 0.6219004392623901
([280], [240]) 0.21302929520606995
([281], [241]) 0.5164556503295898
([282, 283], [242]) 0.5046411156654358
([284, 285, 286], [243]) 0.44111724694569904
([287, 288], [244]) 0.40592822432518005
([289], [245]) 0.9431688785552979
([290, 291], [246]) 0.45863592624664307
([292], [247]) 0.6503185033798218
([293], [248]) 0.7386782765388489
([294], [249]) 0.4975053668022156
([295], [250]) 0.7245379686355591
([296], [251]) 0.359730988740921
([297], [252]) 0.5131881833076477
([298, 299], [253]) 0.4158952534198761
([300], [254]) 0.3011090159416199
([301], [255]) 0.4673202931880951
([302], [256]) 0.47959989309310913
([303], [257]) 0.7085817456245422
([304], [258]) 0.43493354320526123
([305], [259]) 0.471303254365921
([306], [260]) 0.38309812545776367
([307], [261]) 0.5115724802017212
([308], [262]) 0.4329442083835602
([309], [263]) 0.4745433032512665
([310, 311], [264]) 0.412456750869751
([312], [265]) 0.7141579389572144
([313], [266]) 0.5492611527442932
([314], [267]) 0.3066919147968292
([315, 316], [268]) 0.6492660641670227
([317], [269]) 0.2981591522693634
([318, 319], [270]) 0.2975461184978485
([320, 321], [271]) 0.20495909452438354
([322], [272]) 0.49392664432525635
([323], [273]) 0.4314965605735779
([324], [274]) 0.27851131558418274
([325], [275]) 0.36731666326522827
([326], [276]) 0.7471005916595459
([327], [277]) 0.32642310857772827
([328], [278]) 0.5548052787780762
([329, 330], [279]) 0.38863155245780945
([331], [280]) 0.48267191648483276
([332], [281]) 0.44872769713401794
([333], [282]) 0.595913827419281
([334], [283]) 0.3423440456390381
([335], [284]) 0.3648337423801422
([336], [285]) 0.6206060647964478
([337], [286]) 0.3781578242778778
([338], [287]) 0.4577130973339081
([339], [288]) 0.7490618824958801
([340], [289]) 0.5437007546424866
([341], [290]) 0.676264226436615
([342], [291]) 0.37249982357025146
([343], [292, 293]) 0.5353202223777771
([344], [294, 295]) 0.46212512254714966
([345], [296]) 0.31371909379959106
([346], [297]) 0.8228087425231934
([347], [298]) 0.5641278028488159
([348], [299]) 0.6302740573883057
([349], [300]) 0.464229941368103
([350, 351, 352, 353, 354], [301]) 0.5322712421417236
([355, 356], [302]) 0.3141798675060272
([357], [303]) 0.6124434471130371
([358], [304]) 0.48419296741485596
([359], [305]) 0.5602842569351196
([360, 361], [306]) 0.5401694774627686
([362], [307]) 0.5563217401504517
([363], [308]) 0.32474285364151
([364], [309]) 0.4003853499889374
([365], [310]) 0.3226063847541809
([366], [311]) 0.4047355055809021
([367], [312]) 0.4575434923171997
([368], [313]) 0.255249559879303
([369], [314]) 0.373718798160553
([370], [315]) 0.35908806324005127
([371], [316, 317, 318]) 0.5169105529785156
([372], [319]) 0.3669695556163788
([373], [320]) 0.6757982969284058
([374], [321]) 0.617552638053894
([375], [322]) 0.5004041194915771
([376], [323]) 0.7551237940788269
([377], [324, 325]) 0.46424323320388794
([378], [326]) 0.45483914017677307
([379, 380, 381], [327]) 0.4940023024876912
([382], [328, 329, 330]) 0.488762895266215
([383], [331]) 0.2606198787689209
([384], [332]) 0.5387556552886963
([385], [333]) 0.463917076587677
([386], [334]) 0.4043564200401306
([387], [335]) 0.6396825909614563
([388], [336]) 0.6267610788345337
([389], [337]) 0.38302651047706604
([390], [338, 339]) 0.4535160958766937
([391], [340]) 0.6764654517173767
([392], [341]) 0.42498666048049927
([393], [342]) 0.46259772777557373
([394, 395], [343]) 0.41403523087501526
([396], [344]) 0.3200409710407257
([397], [345]) 0.5059821605682373
([398], [346]) 0.4738706350326538
([399, 400], [347]) 0.5389527082443237
([401], [348]) 0.5842168927192688
([402], [349]) 0.37433648109436035
([403], [350]) 0.6813789010047913
([404, 405], [351]) 0.39549753069877625
([406, 407], [352]) 0.4579455554485321
([408], [353, 354]) 0.5200303792953491
([409], [355]) 0.4498143196105957
([410], [356]) 0.6070692539215088
([411], [357]) 0.494937002658844
([412], [358]) 0.24773196876049042
([413], [359]) 0.4300552010536194
([414], [360]) 0.7388217449188232
([415], [361]) 0.7508571743965149
([416], [362]) 0.34770870208740234
([417], [363]) 0.6189884543418884
([418], [364, 365]) 0.36737993359565735
([419], [366]) 0.4205707609653473
([420], [367]) 0.4546475112438202
([421], [368]) 0.26876264810562134
([422], [369]) 0.33510252833366394
([423], [370]) 0.42847585678100586
([424], [371]) 0.41742661595344543
([425], [372]) 0.5878687500953674
([426, 427], [373]) 0.42246514558792114
([428], [374]) 0.4158748984336853
([429], [375]) 0.697124719619751
([430], [376]) 0.4818778336048126
([431], [377]) 0.5345678925514221
([432, 433], [378]) 0.3885502219200134
([434], [379]) 0.5773136019706726
([435], [380]) 0.6030612587928772
([436], [381]) 0.3145587146282196
([437], [382]) 0.5561019778251648
([438, 439], [383]) 0.48100557923316956
([440], [384]) 0.40125635266304016
([441], [385]) 0.42437058687210083
([442, 443], [386]) 0.3150304853916168
([444], [387]) 0.4773660898208618
([445], [388]) 0.2254568487405777
([446], [389]) 0.45667269825935364
([447], [390]) 0.5421428680419922
([448, 449, 450], [391]) 0.337379256884257
([451], [392]) 0.37893086671829224
([452], [393]) 0.45743265748023987
([453, 454], [394]) 0.37990644574165344
([455], [395]) 0.45148974657058716
([456], [396]) 0.6031339168548584
([457], [397]) 0.4218742251396179
([458, 459], [398]) 0.4060356914997101
([460], [399]) 0.4153074622154236
([461], [400]) 0.6329482793807983
([462], [401]) 0.5050395727157593
([463], [402]) 0.37399330735206604
([464], [403, 404]) 0.46389201283454895
([465, 466], [405]) 0.38122791051864624
([467], [406]) 0.6320077776908875
([468], [407]) 0.3817255198955536
([469], [408]) 0.399954617023468
([470, 471], [409]) 0.29883959889411926
([472], [410]) 0.3987037241458893
([473], [411]) 0.46510300040245056
([474], [412, 413]) 0.6217661499977112
([475], [414]) 0.2996303141117096
([476], [415]) 0.3688802719116211
([477, 478, 479], [416]) 0.3851131995519002
([480], [417]) 0.4471709728240967
([481], [418]) 0.5787537097930908
([482], [419, 420]) 0.39633485674858093
([483], [421]) 0.5303278565406799
([484, 485, 486], [422]) 0.4570462703704834
([487, 488], [423]) 0.456135094165802
([489], [424]) 0.310686320066452
([490], [425]) 0.7210699915885925
([491, 492], [426]) 0.34585312008857727
([493], [427]) 0.6472780108451843
([494], [428]) 0.46821942925453186
([495], [429]) 0.3919166326522827
([496], [430]) 0.5971150994300842
([497], [431]) 0.5653402209281921
([498, 499], [432]) 0.41594573855400085
([500, 501], [433]) 0.4380793571472168
([502], [434]) 0.6287298202514648
([503, 504], [435]) 0.2610057592391968
([505], [436, 437]) 0.5970141291618347
([506, 507], [438]) 0.5838139057159424
([508], [439]) 0.6798414587974548
([509], [440]) 0.846341073513031
([510], [441]) 0.4653221666812897
([511], [442]) 0.5544301867485046
([512], [443]) 0.3761316239833832
([513], [444]) 0.41511422395706177
([514], [445]) 0.6698403358459473
([515], [446]) 0.43631064891815186
([516], [447]) 0.5319979190826416
([517], [448]) 0.712057888507843
([518], [449]) 0.5891547203063965
([519], [450]) 0.1679936796426773
([520], [451]) 0.3517567217350006
([521], [452]) 0.3596060872077942
([522], [453]) 0.4802786409854889
([523], [454]) 0.3910192549228668
([524], [455]) 0.3137470781803131
([525], [456]) 0.5568845272064209
([526], [457]) 0.3921659588813782
([527], [458]) 0.38401851058006287
([528], [459]) 0.5930494666099548
([529], [460]) 0.4150618612766266
([530], [461, 462]) 0.4694855511188507
([531], [463]) 0.30147990584373474
([532], [464]) 0.5821418166160583
([533, 534], [465]) 0.5122331976890564
([535], [466]) 0.43881458044052124
([536], [467]) 0.438189297914505
([537], [468]) 0.284980833530426
([538], [469]) 0.6201968193054199
([539], [470]) 0.5721665024757385
([540], [471]) 0.37720781564712524
([541], [472]) 0.3737117052078247
([542], [473]) 0.35871756076812744
([543], [474]) 0.3539893627166748
([544], [475]) 0.5534670352935791
([545], [476]) 0.4700496196746826
([546], [477]) 0.3227275311946869
([547], [478]) 0.46415385603904724
([548], [479]) 0.3362804055213928
([549, 550], [480]) 0.2682015001773834
([551], [481]) 0.5492175817489624
([552], [482]) 0.41722625494003296
([553], [483]) 0.5945436358451843
([554], [484]) 0.5613085627555847
([555], [485]) 0.32660117745399475
([556], [486]) 0.6356076002120972
([557, 558, 559], [487]) 0.4880700906117757
([560], [488]) 0.28511595726013184
([561], [489]) 0.3586011826992035
([562], [490]) 0.3775692582130432
([563], [491]) 0.5455090403556824
([564], [492]) 0.49403953552246094
([565], [493]) 0.48328065872192383
([566], [494, 495]) 0.4419388771057129
([567], [496, 497]) 0.40956389904022217
([568], [498]) 0.4178466796875
([569], [499]) 0.3830808103084564
([570], [500]) 0.5456803441047668
([571], [501]) 0.5368692874908447
([572], [502]) 0.5655573606491089
([573], [503]) 0.3847959637641907
([574], [504]) 0.7056195139884949
([575], [505]) 0.3450372517108917
([576], [506]) 0.3380845785140991
([577], [507]) 0.3743363618850708
([578], [508]) 0.4646761119365692
([579], [509, 510]) 0.5423573851585388
([580], [511]) 0.4751024842262268
([581, 582], [512]) 0.5384811162948608
([583, 584], [513]) 0.5860348343849182
([585], [514]) 0.6377202868461609
([586], [515]) 0.48896411061286926
([587], [516]) 0.4773828089237213
([588], [517]) 0.6105529069900513
([589, 590, 591], [518]) 0.37121907869974774
([592], [519, 520]) 0.5081003308296204
([593, 594], [521]) 0.4494410455226898
([595], [522]) 0.9667389392852783
([596], [523]) 0.6787300705909729
([597], [524]) 0.34198012948036194
([598], [525]) 0.73801589012146
([599, 600], [526]) 0.4408981204032898
([601], [527]) 0.7218511700630188
([602], [528]) 0.4368407428264618
([603], [529]) 0.3034580945968628
([604], [530]) 0.4862852692604065
([605], [531]) 0.6206609606742859
([606], [532]) 0.6701878905296326
([607, 608], [533]) 0.530185341835022
([609], [534]) 0.409094899892807
([610], [535]) 0.4821152687072754
([611], [536]) 0.6609112024307251
([612], [537]) 0.6166220903396606
([613], [538]) 0.6159129738807678
([614], [539]) 0.25477588176727295
([615], [540, 541]) 0.29047203063964844
([616], [542]) 0.3840968906879425
([617], [543]) 0.5298997759819031
([618], [544]) 0.4024795889854431
([619, 620], [545]) 0.39156943559646606
([621], [546]) 0.24290941655635834
([622], [547]) 0.4083656072616577
([623, 624], [548]) 0.4448365271091461
