([0], [0, 1]) 0.4681415855884552
([1], [2]) 0.33030542731285095
([2], [3]) 0.4419962465763092
([3], [4]) 0.5543356537818909
([4], [5]) 0.44904056191444397
([5], [6]) 0.4417530298233032
([6], [7]) 0.3371928930282593
([7], [8]) 0.3673959970474243
([8], [9]) 0.4229355454444885
([9], [10]) 0.31538546085357666
([10], [11]) 0.2413390725851059
([11, 12, 13], [12]) 0.3526786168416341
([14], [13]) 0.29654964804649353
([15], [14]) 0.5153335332870483
([16], [15]) 0.3942912220954895
([17], [16]) 0.4560277462005615
([18], [17]) 0.5697391033172607
([19], [18]) 0.35422059893608093
([20], [19]) 0.5807517766952515
([21, 22], [20]) 0.3732857406139374
([23, 24, 25], [21]) 0.30897291501363117
([26], [22]) 0.39129340648651123
([27], [23]) 0.37144529819488525
([28], [24, 25, 26]) 0.30152008930842084
([29], [27]) 0.2919723391532898
([30, 31], [28]) 0.31737831234931946
([32], [29]) 0.2821234464645386
([33], [30]) 0.3819083273410797
([34], [31]) 0.2799566686153412
([35], [32]) 0.5047398209571838
([36, 37], [33]) 0.39008012413978577
([38], [34]) 0.39308592677116394
([39], [35]) 0.4043358564376831
([40], [36]) 0.4739363491535187
([41], [37]) 0.52602618932724
([42], [38]) 0.3125801384449005
([43], [39]) 0.5690839886665344
([44], [40]) 0.474089115858078
([45], [41]) 0.37636247277259827
([46, 47], [42]) 0.3559926748275757
([48], [43]) 0.491092711687088
([49], [44]) 0.380830317735672
([50, 51], [45]) 0.47034040093421936
([52], [46]) 0.36329761147499084
([53, 54], [47]) 0.34294822812080383
([55], [48]) 0.33592358231544495
([56], [49]) 0.2733849585056305
([57], [50]) 0.3779471218585968
([58], [51]) 0.36685290932655334
([59], [52]) 0.2084053009748459
([60], [53]) 0.6555736064910889
([61], [54]) 0.5277863144874573
([62], [55]) 0.44071757793426514
([63], [56]) 0.5446235537528992
([64, 65], [57]) 0.48258525133132935
([66], [58]) 0.5406485199928284
([67], [59]) 0.35281071066856384
([68], [60]) 0.4463845193386078
([69], [61]) 0.620217502117157
([70], [62]) 0.4555860459804535
([71, 72], [63]) 0.3899199366569519
([73], [64]) 0.5578027963638306
([74], [65]) 0.44294852018356323
([75], [66]) 0.3789118528366089
([76], [67]) 0.33380812406539917
([77], [68]) 0.38608258962631226
([78], [69]) 0.49246495962142944
([79], [70]) 0.37821242213249207
([80], [71]) 0.3571336269378662
([81], [72, 73]) 0.4163200259208679
([82], [74]) 0.6006414294242859
([83], [75]) 0.7405049204826355
([84], [76]) 0.3456389009952545
([85], [77]) 0.5555394291877747
([86], [78]) 0.23229745030403137
([87], [79]) 0.6700201034545898
([88], [80]) 0.6987817287445068
([89], [81]) 0.6821812391281128
([90], [82]) 0.45765748620033264
([91], [83]) 0.29514995217323303
([92], [84]) 0.3049635887145996
([93], [85]) 0.38715702295303345
([94, 95], [86]) 0.28389108180999756
([96], [87]) 0.592512845993042
([97], [88]) 0.497456818819046
([98], [89]) 0.2795976996421814
([99], [90]) 0.6077085137367249
([100], [91]) 0.42258432507514954
([101], [92]) 0.41824960708618164
([102, 103], [93]) 0.46121111512184143
([104], [94]) 0.3929484188556671
([105], [95]) 0.3069102466106415
([106], [96]) 0.3298821449279785
([107, 108, 109], [97]) 0.22990443309148154
([110], [98]) 0.45081329345703125
([111], [99]) 0.7865505218505859
([112], [100]) 0.9074979424476624
([113], [101]) 0.40241652727127075
([114], [102]) 0.5619291663169861
([115], [103]) 0.713642418384552
([116], [104]) 0.5498732328414917
([117], [105]) 0.504632294178009
([118, 119], [106]) 0.5027415156364441
([120], [107, 108]) 0.2186734974384308
([121, 122], [109]) 0.47661828994750977
([123], [110]) 0.48889240622520447
([124], [111]) 0.532569944858551
([125], [112]) 0.5438100099563599
([126, 127], [113]) 0.36777859926223755
([128], [114]) 0.34493643045425415
([129], [115]) 0.37271416187286377
([130], [116]) 0.2626016438007355
([131], [117]) 0.5946655869483948
([132], [118]) 0.9148499369621277
([133], [119]) 0.38853609561920166
([134, 135], [120]) 0.5333355665206909
([136, 137], [121]) 0.48950445652008057
([138], [122]) 0.653106153011322
([139], [123]) 0.3717801868915558
([140], [124]) 0.38396522402763367
([141], [125]) 0.30588722229003906
([142], [126]) 0.4164368510246277
([143], [127]) 0.4931936264038086
([144, 145], [128]) 0.4187289774417877
([146, 147], [129]) 0.5377184748649597
([148], [130]) 0.6796530485153198
([149], [131, 132, 133]) 0.3497730890909831
([150], [134]) 0.7465646862983704
([151], [135]) 0.5023320913314819
([152], [136]) 0.4418298304080963
([153], [137]) 0.36187806725502014
([154], [138]) 0.37874865531921387
([155], [139]) 0.16240167617797852
([156], [140]) 0.707477331161499
([157], [141]) 0.67755526304245
([158], [142]) 0.3770340085029602
([159], [143]) 0.3672151565551758
([160], [144]) 0.3746204674243927
([161], [145, 146]) 0.38342687487602234
([162], [147]) 0.3229408264160156
([163], [148]) 0.44185060262680054
([164], [149]) 0.3784354627132416
([165, 166, 167], [150]) 0.4116416772206624
([168], [151]) 0.5233331918716431
([169], [152]) 0.20528197288513184
([170], [153]) 0.5969020128250122
([171], [154, 155]) 0.3804663419723511
([172], [156]) 0.4640352129936218
([173], [157]) 0.38114258646965027
([174], [158]) 0.5712363123893738
([175], [159, 160]) 0.38110899925231934
([176, 177], [161]) 0.5528040528297424
([178], [162]) 0.48946475982666016
([179], [163]) 0.5117628574371338
([180], [164]) 0.48115721344947815
([181], [165, 166]) 0.512808084487915
([182], [167]) 0.56244957447052
([183], [168]) 0.4864615797996521
([184], [169]) 0.7263198494911194
([185], [170]) 0.5692554712295532
([186], [171]) 0.2670923173427582
([187], [172]) 0.49762752652168274
([188], [173]) 0.42486661672592163
([189], [174]) 0.42236796021461487
([190, 191], [175]) 0.4527202844619751
([192], [176]) 0.30651313066482544
([193], [177]) 0.3689369559288025
([194], [178]) 0.554762065410614
([195], [179]) 0.3588435649871826
([196], [180]) 0.5477092862129211
([197], [181]) 0.5105276107788086
([198], [182]) 0.7048202157020569
([199], [183]) 0.24396443367004395
([200], [184]) 0.535784125328064
([201], [185]) 0.5910953283309937
([202], [186]) 0.33964788913726807
([203], [187]) 0.3656890392303467
([204], [188]) 0.5340626835823059
([205], [189]) 0.4447270631790161
([206], [190]) 0.9045048952102661
([207], [191]) 0.4416294991970062
([208], [192]) 0.5482844710350037
([209], [193]) 0.4945238530635834
([210], [194]) 0.29597681760787964
([211], [195]) 0.3175421357154846
([212], [196]) 0.4972171485424042
([213], [197]) 0.4118332862854004
([214], [198]) 0.43441516160964966
([215], [199]) 0.3985818326473236
([216, 217], [200]) 0.3496358394622803
([218, 219], [201]) 0.3957274854183197
([220], [202]) 0.7053691148757935
([221], [203]) 0.3379928469657898
([222, 223, 224], [204]) 0.33191563685735065
([225], [205]) 0.21017049252986908
([226], [206]) 0.2423362284898758
([227], [207]) 0.45868584513664246
([228, 229], [208]) 0.4621428847312927
([230], [209]) 0.4955080449581146
([231, 232], [210]) 0.34817540645599365
([233], [211]) 0.39921337366104126
([234], [212]) 0.4876793920993805
([235], [213]) 0.3153931796550751
([236], [214]) 0.3403260409832001
([237], [215]) 0.6140042543411255
([238], [216]) 0.46346381306648254
([239, 240], [217]) 0.2779904305934906
([241], [218]) 0.39674660563468933
([242, 243], [219]) 0.40790143609046936
([244], [220]) 0.405473530292511
([245], [221]) 0.2233167588710785
([246], [222]) 0.6002070903778076
([247, 248, 249], [223]) 0.40896745522816974
([250], [224]) 0.46023324131965637
([251], [225]) 0.41651976108551025
([252], [226]) 0.4335313141345978
([253], [227]) 0.3974875807762146
([254], [228]) 0.6891953945159912
([255], [229]) 0.6799393892288208
([256], [230]) 0.22369195520877838
([257], [231]) 0.302295058965683
([258], [232]) 0.5630785822868347
([259], [233]) 0.3589736819267273
([260], [234]) 0.3501620888710022
([261], [235]) 0.2418297827243805
([262], [236]) 0.39689457416534424
([263], [237]) 0.38194313645362854
([264], [238]) 0.2600509226322174
([265], [239]) 0.28490573167800903
([266], [240, 241]) 0.36894816160202026
([267, 268, 269], [242]) 0.3288240234057109
([270], [243]) 0.3034638464450836
([271], [244]) 0.42579227685928345
([272, 273], [245]) 0.34944984316825867
([274], [246]) 0.6091997027397156
([275], [247]) 0.27450060844421387
([276], [248]) 0.7174506783485413
([277], [249]) 0.7451194524765015
([278], [250]) 0.5772261619567871
([279, 280], [251]) 0.5693212151527405
([281], [252]) 0.37169498205184937
([282], [253]) 0.5397917032241821
([283], [254]) 0.3773362338542938
([284], [255]) 0.3356137275695801
([285, 286, 287, 288], [256]) 0.3256783187389374
([289], [257, 258]) 0.3632153272628784
([290], [259]) 0.7747007608413696
([291], [260]) 0.29927176237106323
([292, 293], [261]) 0.4042036533355713
([294], [262]) 0.5611615777015686
([295], [263]) 0.47035306692123413
([296], [264]) 0.7241118550300598
([297], [265]) 0.318381130695343
([298, 299, 300], [266]) 0.47469743092854816
([301], [267]) 0.2409186214208603
([302], [268]) 0.7632654309272766
([303, 304, 305], [269]) 0.6196149587631226
([306], [270]) 0.4993653893470764
([307, 308], [271]) 0.4514681100845337
([309], [272]) 0.3652423918247223
([310], [273]) 0.3215406537055969
([311], [274]) 0.47240787744522095
([312], [275]) 0.2830011546611786
([313], [276]) 0.3752248287200928
([314], [277]) 0.5063565373420715
([315, 316], [278]) 0.48681798577308655
([317], [279]) 0.2271699160337448
([318], [280]) 0.586108922958374
([319], [281]) 0.38636350631713867
([320], [282]) 0.45071059465408325
([321], [283]) 0.4203729033470154
([322], [284]) 0.2862541377544403
([323], [285]) 0.6837770938873291
([324], [286]) 0.5995132327079773
([325, 326], [287]) 0.38157036900520325
([327], [288]) 0.42054668068885803
([328, 329], [289]) 0.45737558603286743
([330, 331, 332], [290]) 0.38713546593983966
([333], [291]) 0.5885689854621887
([334], [292]) 0.42044302821159363
([335], [293]) 0.4443272054195404
([336], [294, 295]) 0.44727662205696106
([337, 338, 339], [296]) 0.3564606507619222
([340], [297]) 0.7490200400352478
([341], [298]) 0.7473502159118652
([342], [299]) 0.4626571834087372
([343, 344], [300]) 0.5674798488616943
([345], [301, 302]) 0.4324536621570587
([346], [303]) 0.5910615921020508
([347], [304]) 0.44952109456062317
([348], [305]) 0.3195079565048218
([349], [306]) 0.5093885660171509
([350], [307]) 0.535462498664856
([351, 352], [308]) 0.6002494096755981
([353], [309]) 0.49223005771636963
([354], [310]) 0.5459330081939697
([355], [311]) 0.37604498863220215
([356], [312]) 0.5637628436088562
([357], [313, 314]) 0.338021457195282
([358], [315]) 0.48781028389930725
([359], [316]) 0.4187539517879486
([360], [317]) 0.4424029290676117
([361], [318]) 0.4744434952735901
([362], [319]) 0.43739691376686096
([363], [320, 321]) 0.23983947932720184
([364], [322]) 0.339118629693985
([365], [323]) 0.6939463019371033
([366], [324]) 0.6127590537071228
([367], [325]) 0.4011678695678711
([368], [326]) 0.3135201632976532
([369], [327]) 0.6338558793067932
([370], [328]) 0.37793946266174316
([371], [329]) 0.6158080697059631
([372], [330]) 0.28005874156951904
([373], [331]) 0.4804428219795227
([374], [332]) 0.48569047451019287
([375, 376], [333]) 0.39799201488494873
([377, 378], [334]) 0.437173068523407
([379], [335]) 0.5623871684074402
([380], [336]) 0.34781527519226074
([381], [337]) 0.614625871181488
([382], [338]) 0.46367359161376953
([383, 384], [339]) 0.4573802947998047
([385], [340, 341, 342]) 0.5406343539555868
([386, 387], [343]) 0.45542559027671814
([388, 389], [344]) 0.49080267548561096
([390], [345]) 0.5383145213127136
([391], [346]) 0.40347060561180115
([392], [347]) 0.568491518497467
([393, 394], [348]) 0.32289257645606995
([395], [349]) 0.31634458899497986
([396], [350]) 0.4319608211517334
([397], [351]) 0.5098501443862915
([398], [352]) 0.30497661232948303
([399], [353]) 0.5599455237388611
([400], [354]) 0.40214288234710693
([401], [355]) 0.6310024857521057
([402], [356]) 0.5906087160110474
([403], [357]) 0.44371092319488525
([404], [358]) 0.42067644000053406
([405], [359]) 0.3972112536430359
([406], [360]) 0.7070178389549255
([407, 408], [361]) 0.5094833970069885
([409], [362]) 0.2083095908164978
([410], [363]) 0.34233546257019043
([411], [364]) 0.5743025541305542
([412], [365]) 0.5520716905593872
([413], [366]) 0.5252419114112854
([414, 415, 416], [367]) 0.35095707575480145
([417], [368]) 0.6516097187995911
([418], [369]) 0.6665820479393005
([419], [370]) 0.4416503608226776
([420], [371]) 0.6726711392402649
([421], [372]) 0.36253777146339417
([422], [373]) 0.5295236110687256
([423], [374]) 0.39736518263816833
([424], [375]) 0.43195095658302307
([425], [376, 377]) 0.3560490012168884
([426], [378]) 0.6679141521453857
([427], [379]) 0.40049606561660767
([428, 429], [380]) 0.4297480285167694
([430], [381]) 0.30824026465415955
([431], [382, 383]) 0.3200107514858246
([432], [384]) 0.49388158321380615
([433, 434], [385]) 0.47417712211608887
([435], [386]) 0.5030065774917603
([436], [387]) 0.45168784260749817
([437], [388]) 0.37623468041419983
([438], [389]) 0.6279821991920471
([439], [390]) 0.34876808524131775
([440], [391]) 0.5946338176727295
([441], [392]) 0.17568208277225494
([442], [393]) 0.30403363704681396
([443], [394]) 0.4759996235370636
([444], [395]) 0.47327524423599243
([445], [396]) 0.5897701978683472
([446], [397]) 0.4204384982585907
([447], [398]) 0.31054195761680603
([448], [399]) 0.49412477016448975
([449], [400]) 0.3824494481086731
([450], [401]) 0.36709338426589966
([451], [402]) 0.3338974714279175
([452], [403]) 0.3679223656654358
([453], [404]) 0.45430707931518555
([454, 455], [405]) 0.47461438179016113
([456], [406]) 0.6645499467849731
([457], [407]) 0.4998931586742401
([458], [408]) 0.5560190081596375
([459], [409]) 0.3277157247066498
([460], [410]) 0.5182253122329712
([461], [411]) 0.32640016078948975
([462], [412]) 0.4893612861633301
([463], [413]) 0.33101126551628113
([464], [414]) 0.35138699412345886
([465], [415]) 0.3947073817253113
([466], [416, 417]) 0.3310530483722687
([467], [418]) 0.7822229266166687
([468], [419]) 0.7027959823608398
([469], [420]) 0.4859490990638733
([470], [421, 422]) 0.38491228222846985
([471], [423]) 0.2466258406639099
([472, 473], [424]) 0.42100268602371216
([474], [425]) 0.5317289233207703
([475], [426]) 0.45862898230552673
([476], [427]) 0.3578543961048126
([477], [428]) 0.6086353659629822
([478], [429]) 0.42217084765434265
([479, 480], [430]) 0.46570029854774475
([481], [431]) 0.5712845325469971
([482], [432]) 0.37256553769111633
([483], [433]) 0.4691932499408722
([484], [434]) 0.4437207281589508
([485], [435]) 0.4439733326435089
([486, 487], [436]) 0.4073598086833954
([488], [437]) 0.5608534216880798
([489], [438]) 0.6433568000793457
([490, 491], [439]) 0.38790836930274963
([492], [440]) 0.6217305660247803
([493], [441]) 0.42658594250679016
([494], [442]) 0.31075695157051086
([495, 496], [443]) 0.40478354692459106
([497], [444]) 0.6200326085090637
([498], [445, 446]) 0.6429890990257263
([499, 500], [447]) 0.24268020689487457
([501], [448]) 0.6339884400367737
([502], [449]) 0.6107666492462158
([503], [450]) 0.3735092282295227
([504], [451]) 0.40870386362075806
([505], [452]) 0.32485583424568176
([506], [453]) 0.7352367043495178
([507], [454]) 0.52935391664505
([508], [455]) 0.7687585949897766
([509], [456]) 0.3742983937263489
([510], [457]) 0.31843167543411255
([511], [458]) 0.8172130584716797
([512], [459]) 0.45420873165130615
([513], [460]) 0.46264004707336426
([514], [461]) 0.475982129573822
([515], [462]) 0.26937058568000793
([516], [463]) 0.4959239363670349
([517], [464]) 0.498589426279068
([518, 519], [465]) 0.21554110944271088
([520], [466]) 0.46076148748397827
([521], [467]) 0.3576781749725342
([522], [468]) 0.2656083106994629
([523], [469]) 0.4617500305175781
([524], [470]) 0.4017501771450043
([525], [471]) 0.6354522705078125
([526], [472]) 0.38553586602211
([527], [473]) 0.45649734139442444
([528], [474]) 0.743148922920227
([529, 530, 531], [475]) 0.5610564152399699
([532], [476]) 0.2917582094669342
([533], [477]) 0.27647605538368225
([534, 535], [478]) 0.4030665457248688
([536], [479]) 0.46391764283180237
([537], [480]) 0.5717536211013794
([538], [481]) 0.6043917536735535
([539], [482]) 0.7107553482055664
([540], [483]) 0.6896891593933105
([541], [484]) 0.6546421647071838
([542], [485]) 0.7490149736404419
([543], [486]) 0.520848274230957
([544], [487]) 0.7192553281784058
([545], [488]) 0.3808172643184662
([546], [489]) 0.561847984790802
([547], [490]) 0.3547745645046234
([548], [491]) 0.41281163692474365
([549], [492]) 0.3896848261356354
([550], [493]) 0.370196133852005
([551], [494]) 0.38386088609695435
([552], [495]) 0.6504412293434143
([553], [496]) 0.2968212962150574
([554], [497]) 0.7768169045448303
([555], [498]) 0.3891492486000061
([556], [499]) 0.4905349612236023
([557], [500, 501]) 0.3873990476131439
([558], [502]) 0.5539189577102661
([559], [503]) 0.5903819799423218
([560], [504]) 0.1963924765586853
([561], [505, 506]) 0.5907722115516663
([562], [507]) 0.34423011541366577
([563], [508]) 0.510388970375061
([564], [509]) 0.615105390548706
([565], [510]) 0.25004851818084717
([566], [511]) 0.5361334085464478
([567], [512]) 0.42177897691726685
([568, 569], [513]) 0.30270346999168396
([570], [514]) 0.44709378480911255
([571], [515]) 0.4403311610221863
([572], [516]) 0.47862908244132996
([573], [517]) 0.31137558817863464
([574], [518]) 0.49267593026161194
([575], [519]) 0.6118898987770081
([576], [520]) 0.2842687666416168
([577], [521]) 0.6985016465187073
([578], [522]) 0.4619223475456238
([579], [523]) 0.36594048142433167
([580, 581, 582], [524]) 0.5578468640645345
([583], [525]) 0.6026411652565002
([584], [526]) 0.7317795157432556
([585, 586], [527]) 0.5247315168380737
([587], [528]) 0.4035390019416809
([588], [529]) 0.5515620112419128
([589], [530]) 0.7713544964790344
([590], [531]) 0.48242810368537903
([591], [532]) 0.45770299434661865
([592], [533, 534]) 0.38687050342559814
([593, 594], [535]) 0.44321203231811523
([595], [536]) 0.3922044038772583
([596], [537]) 0.4879060685634613
([597], [538]) 0.46713635325431824
([598], [539]) 0.5975034832954407
([599], [540]) 0.861975908279419
([600], [541]) 0.46792101860046387
([601], [542]) 0.41626107692718506
([602], [543]) 0.5920912623405457
([603], [544]) 0.8064025044441223
([604], [545]) 0.2849029004573822
([605], [546]) 0.49809741973876953
([606], [547]) 0.40244993567466736
([607], [548]) 0.4556349217891693
([608], [549]) 0.7074530720710754
([609], [550]) 0.4352559447288513
([610], [551]) 0.39209553599357605
([611], [552]) 0.623333215713501
([612], [553]) 0.49790602922439575
([613], [554]) 0.24565806984901428
([614], [555]) 0.3818867802619934
([615], [556]) 0.4987158179283142
([616], [557]) 0.6438562273979187
([617], [558]) 0.30288711190223694
([618], [559]) 0.5364815592765808
([619], [560]) 0.5099319815635681
([620], [561]) 0.4788443446159363
([621], [562]) 0.4183748662471771
([622], [563]) 0.39031463861465454
([623], [564]) 0.4313466548919678
([624], [565]) 0.34776392579078674
([625], [566]) 0.31854796409606934
([626], [567]) 0.4124242663383484
([627], [568]) 0.5012402534484863
([628], [569]) 0.4676007926464081
([629], [570]) 0.4239242970943451
([630], [571]) 0.6079743504524231
([631], [572]) 0.9538553357124329
([632], [573]) 0.2555627226829529
([633, 634], [574]) 0.3435244560241699
([635], [575]) 0.6717435121536255
([636], [576]) 0.6436596512794495
([637, 638], [577]) 0.37904083728790283
([639], [578]) 0.3970639109611511
([640], [579]) 0.7205222249031067
([641], [580]) 0.3170161545276642
([642, 643], [581]) 0.29751086235046387
([644], [582]) 0.39326241612434387
([645], [583]) 0.23045560717582703
([646], [584]) 0.5856760740280151
([647], [585]) 0.4107891917228699
([648], [586]) 0.3531792461872101
([649], [587]) 0.4574999511241913
([650], [588]) 0.5522281527519226
([651], [589]) 0.4542420506477356
([652], [590]) 0.4645823538303375
([653], [591]) 0.19471389055252075
([654], [592]) 0.6299465894699097
([655], [593]) 0.34749147295951843
([656], [594]) 0.41410231590270996
([657], [595]) 0.5196052193641663
([658], [596]) 0.5673959255218506
([659], [597]) 0.6407211422920227
([660], [598]) 0.4299401342868805
([661], [599]) 0.3358580768108368
([662], [600]) 0.5702914595603943
([663], [601]) 0.661659836769104
([664], [602]) 0.5419347882270813
([665], [603]) 0.5126950144767761
([666], [604]) 0.2040882557630539
([667], [605]) 0.6014828085899353
([668], [606]) 0.49903684854507446
([669], [607]) 0.4197894334793091
([670], [608]) 0.3898584544658661
([671], [609]) 0.5068854093551636
([672], [610]) 0.21538279950618744
([673], [611]) 0.4545820653438568
([674], [612]) 0.4465849697589874
([675], [613]) 0.4908581078052521
([676], [614]) 0.7293012142181396
([677], [615]) 0.5742993950843811
([678, 679], [616]) 0.5294219851493835
([680], [617]) 0.44632023572921753
([681], [618]) 0.826563835144043
([682, 683], [619]) 0.384624183177948
([684], [620]) 0.4899233281612396
([685, 686], [621]) 0.5064945816993713
