([0], [0]) 0.4685135781764984
([1], [1]) 0.3668091595172882
([2, 3, 4], [2]) 0.43493704001108807
([5], [3, 4]) 0.4382878839969635
([6], [5]) 0.4352255165576935
([7], [6]) 0.45462608337402344
([8], [7]) 0.46885502338409424
([9], [8, 9]) 0.5106515288352966
([10], [10]) 0.6078551411628723
([11], [11]) 0.27878785133361816
([12], [12, 13]) 0.3720478117465973
([13], [14]) 0.28490108251571655
([14], [15]) 0.37183383107185364
([15], [16]) 0.6425129771232605
([16], [17]) 0.609625518321991
([17], [18]) 0.3932335674762726
([18], [19]) 0.4273390769958496
([19], [20]) 0.5042918920516968
([20], [21]) 0.28078004717826843
([21], [22]) 0.4864332973957062
([22], [23]) 0.45490750670433044
([23], [24]) 0.4077205955982208
([24], [25]) 0.31289446353912354
([25], [26]) 0.36340808868408203
([26, 27], [27]) 0.3080451190471649
([28], [28]) 0.8001375198364258
([29, 30, 31], [29]) 0.3852882385253906
([32], [30, 31]) 0.298647940158844
([33], [32]) 0.48706528544425964
([34], [33, 34]) 0.3457581400871277
([35], [35, 36]) 0.4541342556476593
([36], [37]) 0.4624050557613373
([37, 38], [38]) 0.32851511240005493
([39], [39, 40]) 0.3611797094345093
([40], [41]) 0.46407830715179443
([41], [42]) 0.1906728595495224
([42], [43]) 0.3522043228149414
([43], [44]) 0.37362173199653625
([44], [45]) 0.30144202709198
([45], [46]) 0.6472704410552979
([46, 47], [47]) 0.57487553358078
([48], [48]) 0.43677327036857605
([49], [49]) 0.3041146993637085
([50], [50]) 0.5526007413864136
([51], [51]) 0.45622020959854126
([52], [52]) 0.5824718475341797
([53], [53]) 0.33387646079063416
([54], [54, 55]) 0.30084681510925293
([55, 56], [56]) 0.4799742102622986
([57], [57]) 0.2604829668998718
([58], [58]) 0.3467235565185547
([59], [59]) 0.41341063380241394
([60], [60]) 0.3747303783893585
([61], [61, 62]) 0.5390623211860657
([62, 63], [63]) 0.5319739580154419
([64], [64]) 0.5143623948097229
([65], [65]) 0.38001182675361633
([66], [66]) 0.6183823347091675
([67], [67]) 0.6123548150062561
([68], [68]) 0.4549320340156555
([69], [69]) 0.38560837507247925
([70], [70, 71]) 0.3445242941379547
([71, 72], [72]) 0.3536117374897003
([73], [73]) 0.42513397336006165
([74], [74]) 0.29208892583847046
([75], [75]) 0.2813193202018738
([76], [76]) 0.2778381109237671
([77], [77]) 0.4384121894836426
([78], [78]) 0.5470168590545654
([79], [79, 80]) 0.4513704776763916
([80], [81]) 0.4400307536125183
([81], [82]) 0.5976386666297913
([82], [83]) 0.4010249674320221
([83], [84]) 0.15168362855911255
([84], [85, 86]) 0.307369202375412
([85], [87]) 0.7002862095832825
([86], [88]) 0.7738673090934753
([87], [89]) 0.21786430478096008
([88], [90]) 0.2614491283893585
([89], [91]) 0.5544369220733643
([90], [92, 93]) 0.45517241954803467
([91], [94]) 0.695654571056366
([92], [95]) 0.5412355065345764
([93], [96]) 0.7761054635047913
([94], [97, 98]) 0.6046941876411438
([95], [99]) 0.8682677149772644
([96], [100]) 0.37759020924568176
([97], [101]) 0.45128104090690613
([98], [102]) 0.358396053314209
([99], [103]) 0.4149075448513031
([100], [104]) 0.7386142611503601
([101], [105]) 0.5898894667625427
([102], [106]) 0.4908340573310852
([103], [107]) 0.7554724216461182
([104], [108, 109]) 0.4255497455596924
([105], [110]) 0.3752436935901642
([106, 107], [111]) 0.30354711413383484
([108], [112]) 0.4390002489089966
([109, 110], [113]) 0.38877683877944946
([111], [114]) 0.4205128252506256
([112, 113], [115]) 0.5250167846679688
([114, 115], [116]) 0.3400326073169708
([116], [117]) 0.4707013964653015
([117], [118]) 0.4273473918437958
([118], [119]) 0.3165028691291809
([119], [120]) 0.4400862455368042
([120], [121]) 0.24489358067512512
([121], [122]) 0.5494562983512878
([122], [123]) 0.6275994181632996
([123], [124]) 0.8033751845359802
([124], [125]) 0.4750174582004547
([125], [126]) 0.2583780288696289
([126], [127]) 0.44931793212890625
([127], [128]) 0.3926743268966675
([128], [129]) 0.4494021236896515
([129], [130]) 0.7287266254425049
([130], [131]) 0.17967908084392548
([131], [132]) 0.4490085542201996
([132], [133]) 0.5668270587921143
([133], [134]) 0.2904401421546936
([134], [135]) 0.2255149781703949
([135], [136]) 0.7621598243713379
([136], [137]) 0.33405616879463196
([137], [138, 139]) 0.45726194977760315
([138], [140]) 0.42408692836761475
([139], [141, 142]) 0.41722869873046875
([140], [143]) 0.8295868039131165
([141], [144]) 0.4605417549610138
([142], [145]) 0.47250664234161377
([143], [146]) 0.31786981225013733
([144], [147]) 0.4619302451610565
([145], [148]) 0.34431105852127075
([146], [149]) 0.4659539461135864
([147], [150]) 0.48212572932243347
([148], [151]) 0.7031378746032715
([149], [152]) 0.6837175488471985
([150], [153]) 0.7045468688011169
([151], [154]) 0.43695464730262756
([152], [155]) 0.6071945428848267
([153], [156]) 0.5976144671440125
([154], [157]) 0.283598929643631
([155], [158]) 0.4064781665802002
([156], [159]) 0.264893114566803
([157], [160, 161]) 0.5183264017105103
([158], [162, 163]) 0.5291895866394043
([159], [164]) 0.24955764412879944
([160], [165]) 0.482472687959671
([161], [166]) 0.467133492231369
([162], [167, 168]) 0.298841655254364
([163], [169]) 0.3778655529022217
([164], [170]) 0.49372705817222595
([165, 166], [171]) 0.5418922901153564
([167], [172]) 0.4329644739627838
([168], [173]) 0.6127552390098572
([169], [174]) 0.4833948314189911
([170], [175]) 0.3896867036819458
([171], [176]) 0.4591309726238251
([172, 173], [177]) 0.6060872077941895
([174, 175], [178]) 0.7034283876419067
([176], [179]) 0.3813616633415222
([177], [180]) 0.44590872526168823
([178], [181]) 0.46040940284729004
([179], [182]) 0.2204788327217102
([180], [183]) 0.48680728673934937
([181], [184]) 0.5817497372627258
([182], [185]) 0.4325712323188782
([183], [186]) 0.4145103394985199
([184], [187, 188]) 0.4208465814590454
([185], [189]) 0.5237862467765808
([186], [190, 191]) 0.3124645948410034
([187], [192]) 0.4770333766937256
([188], [193]) 0.410561203956604
([189, 190], [194]) 0.39620518684387207
([191], [195]) 0.40206295251846313
([192], [196]) 0.3625551760196686
([193], [197]) 0.5981415510177612
([194], [198, 199]) 0.24897930026054382
([195], [200]) 0.44203537702560425
([196], [201]) 0.3730437755584717
([197], [202]) 0.395695298910141
([198], [203]) 0.4063163101673126
([199], [204]) 0.5402513146400452
([200], [205]) 0.23457024991512299
([201, 202], [206]) 0.3082854747772217
([203], [207]) 0.7533742785453796
([204], [208]) 0.3284767270088196
([205], [209]) 0.6130694150924683
([206, 207], [210]) 0.4403427541255951
([208], [211]) 0.43107494711875916
([209], [212]) 0.3699180483818054
([210], [213]) 0.41085171699523926
([211], [214]) 0.426079124212265
([212], [215]) 0.39904284477233887
([213], [216]) 0.4713374376296997
([214], [217]) 0.4328070282936096
([215], [218]) 0.17433352768421173
([216], [219]) 0.30633628368377686
([217], [220]) 0.3176952302455902
([218], [221]) 0.2653816044330597
([219], [222]) 0.2501804530620575
([220], [223, 224]) 0.41760197281837463
([221], [225, 226]) 0.3501245081424713
([222], [227]) 0.3783968985080719
([223, 224], [228]) 0.3558342456817627
([225], [229]) 0.46397051215171814
([226], [230, 231, 232]) 0.492392897605896
([227, 228], [233]) 0.38817548751831055
([229], [234]) 0.568687915802002
([230], [235]) 0.307292103767395
([231], [236]) 0.6125539541244507
([232], [237]) 0.2860867977142334
([233, 234, 235], [238]) 0.5027287801106771
([236], [239]) 0.7109599709510803
([237], [240]) 0.3770512342453003
([238], [241]) 0.3172587752342224
([239], [242]) 0.5197001099586487
([240], [243]) 0.3497084379196167
([241], [244]) 0.2909638583660126
([242], [245]) 0.4545028507709503
([243], [246]) 0.41990363597869873
([244], [247, 248]) 0.3266552686691284
([245, 246, 247], [249]) 0.3692011038462321
([248], [250]) 0.600704550743103
([249], [251]) 0.5245603919029236
([250], [252]) 0.36670228838920593
([251], [253]) 0.5385926365852356
([252], [254]) 0.49964240193367004
([253], [255]) 0.4028315246105194
([254, 255], [256]) 0.3263377547264099
([256], [257]) 0.45342007279396057
([257], [258, 259]) 0.5551040172576904
([258], [260]) 0.6419129967689514
([259, 260], [261]) 0.43626120686531067
([261], [262]) 0.5964644551277161
([262], [263]) 0.5875335335731506
([263], [264, 265]) 0.38014063239097595
([264], [266, 267, 268]) 0.34984175364176434
([265], [269]) 0.47314536571502686
([266], [270]) 0.5754314064979553
([267], [271]) 0.341751366853714
([268, 269], [272]) 0.5257841348648071
([270], [273, 274, 275]) 0.3353457450866699
([271], [276]) 0.3422047793865204
([272], [277]) 0.5965198874473572
([273], [278]) 0.43766915798187256
([274], [279]) 0.6544081568717957
([275], [280]) 0.5641118884086609
([276], [281, 282, 283]) 0.44728076457977295
([277, 278, 279, 280, 281], [284]) 0.3446911573410034
([282], [285]) 0.38547298312187195
([283], [286]) 0.4583837687969208
([284], [287]) 0.5103595852851868
([285], [288, 289]) 0.48047325015068054
([286], [290]) 0.4152122437953949
([287], [291, 292]) 0.5233498811721802
([288], [293]) 0.3272075057029724
([289], [294]) 0.3962891697883606
([290], [295]) 0.42198607325553894
([291], [296]) 0.31488722562789917
([292], [297]) 0.2748752534389496
([293], [298]) 0.2985585331916809
([294], [299]) 0.36641496419906616
([295], [300]) 0.5205349326133728
([296], [301, 302]) 0.36049193143844604
([297, 298], [303]) 0.21198710799217224
([299], [304]) 0.3935145437717438
([300], [305]) 0.4257623851299286
([301], [306]) 0.2916962802410126
([302], [307]) 0.5328065752983093
([303], [308]) 0.29612237215042114
([304], [309, 310, 311]) 0.4012381633122762
([305], [312]) 0.3088885247707367
([306], [313]) 0.4469579756259918
([307], [314]) 0.3361819386482239
([308], [315]) 0.48560380935668945
([309], [316]) 0.36913198232650757
([310], [317]) 0.4644378423690796
([311], [318]) 0.5076488852500916
([312, 313], [319]) 0.43998003005981445
([314], [320]) 0.3198535740375519
([315], [321]) 0.45767971873283386
([316], [322, 323]) 0.48850464820861816
([317], [324]) 0.7900170087814331
([318], [325, 326]) 0.4637123644351959
([319], [327, 328]) 0.44061926007270813
([320], [329]) 0.48732417821884155
([321], [330]) 0.400743305683136
([322], [331]) 0.40235263109207153
([323, 324], [332]) 0.2638070583343506
([325, 326, 327], [333]) 0.4140613079071045
([328, 329, 330, 331], [334]) 0.3733050525188446
([332], [335]) 0.5807108283042908
([333], [336]) 0.25117796659469604
([334, 335], [337]) 0.2703320384025574
([336], [338]) 0.2771137058734894
([337], [339]) 0.29351362586021423
([338], [340]) 0.8440368175506592
([339], [341]) 0.2637897729873657
([340], [342]) 0.31575989723205566
([341], [343]) 0.39292973279953003
([342], [344]) 0.24961736798286438
([343], [345]) 0.5603194236755371
([344], [346]) 0.5458375215530396
([345], [347]) 0.45208385586738586
([346, 347], [348]) 0.3031633496284485
([348, 349], [349]) 0.4669053852558136
([350], [350]) 0.7711519002914429
([351], [351]) 0.35517191886901855
([352], [352]) 0.5523757934570312
([353], [353]) 0.36032313108444214
([354], [354, 355]) 0.25006192922592163
([355], [356]) 0.4494718313217163
([356], [357]) 0.22716598212718964
([357], [358]) 0.6841887831687927
([358, 359, 360], [359]) 0.4122272729873657
([361], [360]) 0.4849153161048889
([362], [361]) 0.5769582986831665
([363], [362, 363, 364]) 0.5703875223795573
([364], [365]) 0.2732706665992737
([365], [366]) 0.6569222807884216
([366], [367, 368]) 0.3590509593486786
([367], [369, 370]) 0.4340854287147522
([368], [371]) 0.639491081237793
([369], [372]) 0.34188205003738403
([370], [373]) 0.2417299896478653
([371, 372, 373], [374]) 0.3265520930290222
([374], [375]) 0.5413131713867188
([375], [376]) 0.22554455697536469
([376], [377]) 0.41003015637397766
([377], [378]) 0.3425391912460327
([378], [379]) 0.4207102954387665
([379], [380]) 0.4810677766799927
([380, 381], [381]) 0.5126639604568481
([382], [382, 383]) 0.3857247233390808
([383], [384]) 0.43869203329086304
([384], [385]) 0.4935944080352783
([385], [386, 387]) 0.4377041757106781
([386], [388]) 0.3726688027381897
([387], [389, 390]) 0.3477118909358978
([388], [391]) 0.4347734749317169
([389], [392]) 0.4010743498802185
([390], [393]) 0.4957617521286011
([391], [394]) 0.44234606623649597
([392], [395]) 0.428699254989624
([393], [396]) 0.5212339162826538
([394], [397]) 0.40119117498397827
([395], [398]) 0.3655509948730469
([396], [399]) 0.4459971487522125
([397, 398], [400]) 0.48050665855407715
([399], [401]) 0.6939148306846619
([400], [402]) 0.41403791308403015
([401], [403]) 0.41551074385643005
([402], [404]) 0.24889573454856873
([403], [405]) 0.3992437720298767
([404], [406, 407]) 0.20260754227638245
([405, 406], [408]) 0.4154721200466156
([407, 408], [409]) 0.4415320158004761
([409, 410], [410]) 0.49140259623527527
([411], [411]) 0.46306127309799194
([412], [412]) 0.5288463234901428
([413], [413]) 0.4863089919090271
([414], [414, 415]) 0.2778826653957367
([415], [416]) 0.23367518186569214
([416], [417, 418]) 0.3265804946422577
([417], [419]) 0.3925445079803467
([418], [420]) 0.5035444498062134
([419], [421]) 0.1843039095401764
([420], [422]) 0.4110923111438751
([421], [423]) 0.5033971667289734
([422, 423], [424, 425]) 0.26643604040145874
([424, 425, 426], [426]) 0.2662825584411621
([427], [427]) 0.4592573046684265
([428], [428]) 0.550468921661377
([429], [429]) 0.5200728178024292
([430], [430]) 0.37389910221099854
([431], [431]) 0.4746776521205902
([432, 433, 434], [432]) 0.26759066184361774
([435], [433, 434]) 0.4138322174549103
([436], [435]) 0.34662073850631714
([437], [436]) 0.20302562415599823
([438], [437]) 0.2626032829284668
([439], [438]) 0.47718971967697144
([440], [439]) 0.261018306016922
([441], [440]) 0.2287082076072693
([442], [441]) 0.820059597492218
([443], [442]) 0.44340652227401733
([444, 445], [443]) 0.5116778016090393
([446], [444]) 0.36854198575019836
([447], [445]) 0.6660740971565247
([448], [446]) 0.4236413240432739
([449], [447]) 0.6995334029197693
([450], [448]) 0.7657793760299683
([451, 452, 453], [449]) 0.3691915273666382
([454], [450]) 0.3137493133544922
([455], [451]) 0.5125042796134949
([456], [452]) 0.6127456426620483
([457], [453]) 0.7557224631309509
([458], [454]) 0.34697139263153076
([459], [455]) 0.7035040855407715
([460], [456]) 0.569178581237793
([461], [457]) 0.6045432090759277
([462], [458]) 0.2809615135192871
([463], [459]) 0.3867478370666504
([464], [460]) 0.3485805094242096
([465], [461]) 0.284974068403244
([466], [462]) 0.49634698033332825
([467], [463]) 0.4513494074344635
([468], [464]) 0.3580452799797058
([469, 470], [465]) 0.28618478775024414
([471, 472], [466]) 0.3904404938220978
([473, 474], [467]) 0.42455145716667175
([475], [468]) 0.43302610516548157
([476], [469, 470]) 0.30367159843444824
([477], [471, 472]) 0.2839988172054291
([478], [473]) 0.40515077114105225
([479], [474]) 0.46196457743644714
([480], [475]) 0.5566158890724182
([481], [476]) 0.3356626033782959
([482, 483], [477]) 0.2712042033672333
([484], [478, 479]) 0.5128737092018127
([485, 486], [480]) 0.5182151794433594
([487], [481]) 0.48117658495903015
([488], [482]) 0.5027933716773987
([489, 490], [483]) 0.3772338032722473
([491], [484]) 0.5930433869361877
([492, 493], [485]) 0.32127004861831665
([494], [486]) 0.2581039369106293
([495], [487]) 0.32034000754356384
([496], [488]) 0.4295036196708679
([497], [489, 490]) 0.3495493233203888
([498, 499], [491]) 0.44258102774620056
([500], [492]) 0.6327018141746521
([501, 502], [493]) 0.7152567505836487
([503], [494]) 0.7814275026321411
([504], [495]) 0.4188570976257324
([505], [496]) 0.495975524187088
([506], [497]) 0.560906708240509
([507], [498]) 0.5792195200920105
([508], [499]) 0.39993736147880554
([509], [500, 501]) 0.2680668532848358
([510], [502, 503]) 0.4394618272781372
([511], [504]) 0.27527734637260437
([512], [505]) 0.44638165831565857
([513], [506]) 0.5813338160514832
([514], [507]) 0.1647072732448578
([515], [508]) 0.3974587619304657
([516], [509]) 0.7238755822181702
([517], [510]) 0.43347659707069397
([518], [511]) 0.20214365422725677
([519], [512]) 0.19037389755249023
([520], [513]) 0.48120924830436707
([521], [514, 515]) 0.355670690536499
([522], [516]) 0.5557253956794739
([523], [517]) 0.32412174344062805
([524, 525], [518]) 0.47445061802864075
([526], [519]) 0.5145476460456848
([527], [520]) 0.6383602023124695
([528, 529], [521]) 0.37416207790374756
([530], [522]) 0.5820692777633667
([531], [523]) 0.5148123502731323
([532], [524]) 0.4897763729095459
([533], [525]) 0.4112447500228882
([534], [526]) 0.25237923860549927
([535], [527]) 0.5248902440071106
([536], [528]) 0.2905583679676056
([537], [529]) 0.4709639251232147
([538], [530]) 0.2662614583969116
([539], [531]) 0.3321981132030487
([540], [532]) 0.6011886596679688
([541], [533]) 0.44124022126197815
([542], [534]) 0.3770065903663635
([543], [535]) 0.4928785264492035
([544], [536]) 0.6205042004585266
([545], [537]) 0.5430334210395813
([546], [538, 539]) 0.35037001967430115
([547], [540]) 0.5841416716575623
([548], [541]) 0.4082645773887634
([549], [542]) 0.5382439494132996
([550], [543]) 0.3454030752182007
([551], [544]) 0.3955596089363098
([552], [545, 546]) 0.36113500595092773
([553, 554], [547]) 0.49141359329223633
([555], [548]) 0.7921180725097656
([556], [549]) 0.3405122756958008
([557], [550]) 0.32170212268829346
([558], [551]) 0.42461806535720825
([559], [552]) 0.4386745095252991
([560], [553]) 0.2592892348766327
([561], [554]) 0.4990839958190918
([562], [555, 556]) 0.47615763545036316
([563], [557, 558, 559]) 0.25654876232147217
([564], [560]) 0.5381893515586853
([565], [561, 562]) 0.6208541989326477
([566], [563]) 0.6381290555000305
([567], [564]) 0.4324103593826294
([568], [565]) 0.39447304606437683
([569], [566, 567]) 0.43180418014526367
([570], [568]) 0.7321305274963379
([571], [569]) 0.378572016954422
([572], [570]) 0.7278701066970825
([573], [571]) 0.41825833916664124
([574], [572]) 0.5987464785575867
([575], [573, 574]) 0.3439085781574249
([576], [575]) 0.46249687671661377
([577], [576]) 0.4420545697212219
([578], [577, 578]) 0.46829843521118164
([579], [579]) 0.4870161712169647
([580], [580, 581]) 0.6206103563308716
([581], [582]) 0.5744086503982544
([582], [583]) 0.6273314952850342
([583], [584]) 0.7324883937835693
([584], [585]) 0.6465014219284058
([585], [586]) 0.40576523542404175
([586, 587], [587]) 0.39838844537734985
([588], [588]) 0.8957732319831848
([589], [589]) 0.5409715175628662
([590, 591], [590]) 0.36219942569732666
([592], [591]) 0.39263951778411865
([593], [592]) 0.5865787267684937
([594], [593]) 0.3379092812538147
([595], [594]) 0.9118419289588928
([596], [595]) 0.5062054991722107
([597], [596]) 0.5311594009399414
([598], [597]) 0.41434016823768616
([599], [598]) 0.45547205209732056
([600], [599]) 0.5598716139793396
([601], [600]) 0.34883344173431396
([602], [601]) 0.6813554763793945
([603], [602]) 0.7346656918525696
([604], [603, 604]) 0.4404596984386444
([605], [605]) 0.5376557111740112
([606], [606]) 0.4266320765018463
([607], [607]) 0.4292345643043518
([608], [608]) 0.7793303728103638
([609], [609]) 0.31235048174858093
([610], [610]) 0.4618438482284546
([611], [611]) 0.6353319883346558
([612], [612]) 0.3143397569656372
([613], [613]) 0.6232860088348389
([614], [614]) 0.3748685419559479
([615], [615]) 0.6955681443214417
([616], [616]) 0.4711090922355652
([617], [617, 618]) 0.3752592206001282
([618], [619]) 0.4300146698951721
([619], [620]) 0.3098715841770172
([620], [621]) 0.6312369704246521
([621], [622]) 0.5139139890670776
([622], [623, 624]) 0.4068862199783325
([623], [625, 626]) 0.35488444566726685
([624], [627]) 0.6140135526657104
([625], [628]) 0.29175809025764465
([626], [629]) 0.51984041929245
([627, 628], [630]) 0.3184087872505188
([629], [631, 632]) 0.4453046917915344
([630, 631], [633]) 0.24768583476543427
