([0], [0]) 0.38131365180015564
([1], [1]) 0.32780155539512634
([2], [2]) 0.489439994096756
([3, 4], [3]) 0.3525983989238739
([5], [4, 5]) 0.36770015954971313
([6, 7], [6]) 0.3247358798980713
([8], [7]) 0.468637079000473
([9], [8]) 0.2351561337709427
([10], [9]) 0.2628486454486847
([11, 12], [10]) 0.3899294137954712
([13], [11, 12]) 0.354915589094162
([14], [13]) 0.2858011722564697
([15], [14]) 0.2408294677734375
([16], [15]) 0.4506908059120178
([17], [16]) 0.2815767824649811
([18], [17]) 0.4463605582714081
([19, 20], [18]) 0.16481217741966248
([21, 22], [19]) 0.29221341013908386
([23, 24], [20]) 0.40832075476646423
([25], [21, 22]) 0.3884035348892212
([26, 27], [23]) 0.5133276581764221
([28], [24]) 0.4027456045150757
([29], [25]) 0.5557387471199036
([30, 31], [26]) 0.4820198118686676
([32, 33], [27]) 0.379021555185318
([34], [28]) 0.8736978769302368
([35, 36], [29, 30]) 0.23992517590522766
([37, 38], [31]) 0.3167394995689392
([39, 40], [32]) 0.43279528617858887
([41, 42], [33]) 0.43807148933410645
([43], [34]) 0.44639500975608826
([44], [35]) 0.4779587984085083
([45], [36]) 0.4009294807910919
([46], [37]) 0.36657729744911194
([47, 48, 49], [38]) 0.4493981997172038
([50], [39]) 0.4525323212146759
([51], [40]) 0.5401398539543152
([52], [41]) 0.21399416029453278
([53], [42]) 0.46369513869285583
([54], [43]) 0.3740478754043579
([55], [44]) 0.46777448058128357
([56], [45]) 0.5001093149185181
([57], [46]) 0.2887874245643616
([58, 59], [47]) 0.43476617336273193
([60], [48]) 0.8301538228988647
([61, 62], [49]) 0.44554272294044495
([63], [50]) 0.33730873465538025
([64], [51]) 0.2802768647670746
([65], [52]) 0.3045196235179901
([66, 67, 68], [53]) 0.31265523036321
([69], [54]) 0.5292337536811829
([70], [55]) 0.7320812940597534
([71], [56]) 0.5327947735786438
([72], [57]) 0.4128464460372925
([73], [58]) 0.7383566498756409
([74], [59]) 0.3213998079299927
([75], [60]) 0.6126750111579895
([76], [61]) 0.4384373426437378
([77, 78, 79, 80], [62]) 0.3659978210926056
([81], [63]) 0.43480098247528076
([82], [64]) 0.3553376793861389
([83], [65]) 0.5437907576560974
([84], [66]) 0.4487241506576538
([85, 86], [67]) 0.3751799166202545
([87], [68]) 0.43497636914253235
([88], [69]) 0.6885756850242615
([89], [70]) 0.47463807463645935
([90], [71]) 0.4284735321998596
([91], [72]) 0.4165808856487274
([92], [73]) 0.5354313254356384
([93], [74]) 0.40659376978874207
([94], [75, 76]) 0.39426183700561523
([95], [77]) 0.5379502177238464
([96], [78]) 0.7593157887458801
([97], [79]) 0.3530893623828888
([98], [80]) 0.4412647783756256
([99], [81]) 0.5848978161811829
([100], [82]) 0.3061552941799164
([101], [83]) 0.440665066242218
([102], [84]) 0.4570949077606201
([103], [85]) 0.5926644802093506
([104], [86]) 0.2636834383010864
([105], [87]) 0.4089352786540985
([106], [88]) 0.5440385341644287
([107], [89]) 0.34782496094703674
([108], [90]) 0.6355186700820923
([109, 110, 111], [91]) 0.5186368624369303
([112], [92]) 0.7440284490585327
([113], [93]) 0.504291832447052
([114], [94]) 0.6990250945091248
([115, 116], [95]) 0.34748613834381104
([117], [96]) 0.5789923071861267
([118], [97]) 0.49853602051734924
([119], [98]) 0.620999276638031
([120], [99]) 0.23547066748142242
([121], [100]) 0.2653946578502655
([122], [101]) 0.5380947589874268
([123, 124], [102]) 0.4816548228263855
([125], [103]) 0.5916359424591064
([126], [104]) 0.62696772813797
([127], [105]) 0.5898511409759521
([128], [106]) 0.4910181164741516
([129, 130], [107]) 0.5338150262832642
([131], [108]) 0.6067968606948853
([132], [109]) 0.49394357204437256
([133], [110]) 0.5492252111434937
([134], [111]) 0.2791561484336853
([135], [112]) 0.30294620990753174
([136], [113]) 0.7533976435661316
([137], [114]) 0.3737465441226959
([138], [115]) 0.49267393350601196
([139], [116]) 0.5774362087249756
([140], [117]) 0.7850752472877502
([141], [118]) 0.39972272515296936
([142, 143, 144], [119]) 0.38674016793568927
([145], [120]) 0.5381729602813721
([146], [121]) 0.34546545147895813
([147], [122]) 0.3340998888015747
([148], [123]) 0.7469659447669983
([149], [124]) 0.38706234097480774
([150], [125]) 0.4996923804283142
([151, 152], [126]) 0.4763273596763611
([153], [127]) 0.283594012260437
([154], [128]) 0.5755046010017395
([155], [129]) 0.663615345954895
([156], [130]) 0.4502444863319397
([157], [131]) 0.5015872120857239
([158], [132]) 0.3502447009086609
([159], [133]) 0.3930688798427582
([160], [134]) 0.7363387942314148
([161], [135]) 0.7272307276725769
([162], [136]) 0.7026135325431824
([163], [137]) 0.33244746923446655
([164, 165], [138]) 0.579332709312439
([166], [139, 140]) 0.34872740507125854
([167, 168], [141]) 0.37803804874420166
([169, 170], [142]) 0.32895249128341675
([171], [143]) 0.50258868932724
([172, 173], [144]) 0.4095151722431183
([174], [145]) 0.435842365026474
([175], [146]) 0.43677738308906555
([176, 177], [147]) 0.5052152276039124
([178, 179, 180, 181], [148]) 0.3575800061225891
([182], [149]) 0.4952279329299927
([183, 184], [150]) 0.4406338334083557
([185], [151]) 0.4555458128452301
([186], [152]) 0.579413652420044
([187, 188], [153]) 0.32122161984443665
([189, 190], [154]) 0.3684401214122772
([191], [155]) 0.5867511630058289
([192], [156]) 0.41532620787620544
([193], [157]) 0.419536828994751
([194], [158]) 0.2616383731365204
([195], [159]) 0.5033279657363892
([196], [160]) 0.4332028925418854
([197], [161]) 0.43029510974884033
([198], [162]) 0.7826377749443054
([199], [163]) 0.8773509860038757
([200], [164]) 0.5508593320846558
([201], [165]) 0.6767126321792603
([202], [166]) 0.4196491241455078
([203], [167]) 0.42666715383529663
([204], [168]) 0.34010493755340576
([205], [169]) 0.41935813426971436
([206], [170]) 0.3595755398273468
([207], [171]) 0.5616673827171326
([208, 209, 210, 211], [172]) 0.4474499821662903
([212], [173]) 0.5126327872276306
([213], [174]) 0.3651268482208252
([214], [175]) 0.4516521394252777
([215], [176]) 0.531993567943573
([216], [177]) 0.47361722588539124
([217], [178]) 0.6227039694786072
([218], [179]) 0.42719566822052
([219], [180]) 0.4543846547603607
([220], [181]) 0.6701547503471375
([221], [182]) 0.5660171508789062
([222], [183]) 0.21683093905448914
([223, 224], [184]) 0.4201772212982178
([225], [185]) 0.49819910526275635
([226, 227], [186]) 0.534557580947876
([228], [187]) 0.4417065978050232
([229], [188]) 0.26331180334091187
([230], [189]) 0.359902560710907
([231], [190]) 0.3767607510089874
([232], [191]) 0.2680867612361908
([233], [192]) 0.4780494272708893
([234], [193]) 0.41704076528549194
([235], [194]) 0.51943439245224
([236], [195]) 0.43328073620796204
([237], [196]) 0.24563966691493988
([238, 239], [197]) 0.40894970297813416
([240], [198]) 0.6202176213264465
([241], [199]) 0.5617779493331909
([242], [200]) 0.5161830186843872
([243], [201]) 0.35669514536857605
([244], [202]) 0.439178466796875
([245], [203]) 0.42878392338752747
([246], [204]) 0.5891139507293701
([247], [205]) 0.4319975972175598
([248], [206]) 0.7080817818641663
([249], [207, 208]) 0.3414146304130554
([250], [209]) 0.9676336050033569
([251], [210]) 0.3484576344490051
([252], [211]) 0.6192050576210022
([253], [212, 213]) 0.40797555446624756
([254, 255], [214]) 0.3471454381942749
([256], [215]) 0.375997394323349
([257], [216]) 0.4771493077278137
([258], [217]) 0.46044042706489563
([259], [218]) 0.4252956807613373
([260], [219]) 0.7128034830093384
([261], [220]) 0.4542076289653778
([262], [221]) 0.4461979269981384
([263], [222]) 0.48776984214782715
([264], [223]) 0.4184606671333313
([265], [224]) 0.595942497253418
([266], [225]) 0.4204123616218567
([267], [226]) 0.36098384857177734
([268], [227]) 0.3133341073989868
([269], [228]) 0.23745355010032654
([270], [229]) 0.45533880591392517
([271], [230]) 0.4785938262939453
([272], [231]) 0.38264399766921997
([273], [232]) 0.8787199854850769
([274, 275, 276], [233]) 0.2756041685740153
([277], [234]) 0.5061822533607483
([278], [235]) 0.46652665734291077
([279, 280], [236]) 0.18667444586753845
([281], [237, 238]) 0.45976805686950684
([282], [239]) 0.44815793633461
([283], [240]) 0.5550439357757568
([284], [241]) 0.2781369984149933
([285, 286], [242]) 0.4264774024486542
([287], [243]) 0.6658934950828552
([288], [244]) 0.6099526286125183
([289], [245]) 0.49218615889549255
([290, 291], [246, 247]) 0.3310115933418274
([292], [248]) 0.5753186345100403
([293], [249]) 0.5184310078620911
([294, 295], [250]) 0.3913508951663971
([296], [251]) 0.3743423521518707
([297], [252]) 0.6670209169387817
([298], [253]) 0.4292723536491394
([299], [254]) 0.4462427496910095
([300], [255]) 0.5140731930732727
([301], [256, 257]) 0.5557050108909607
([302], [258]) 0.5187168717384338
([303, 304], [259]) 0.37718746066093445
([305], [260]) 0.5485094785690308
([306], [261]) 0.35836735367774963
([307], [262]) 0.3512696623802185
([308], [263]) 0.3987923562526703
([309], [264]) 0.5897372364997864
([310, 311], [265]) 0.3950206935405731
([312], [266]) 0.41813063621520996
([313], [267]) 0.4417133629322052
([314], [268]) 0.5308005809783936
([315], [269]) 0.43051865696907043
([316], [270]) 0.2599582076072693
([317], [271]) 0.3131013512611389
([318], [272]) 0.5166891813278198
([319], [273]) 0.3809933364391327
([320], [274]) 0.49625107645988464
([321, 322], [275]) 0.28032562136650085
([323], [276]) 0.420631468296051
([324], [277, 278]) 0.39578619599342346
([325], [279]) 0.3819926679134369
([326, 327], [280]) 0.4531920552253723
([328, 329], [281]) 0.5418184995651245
([330, 331], [282]) 0.3739400804042816
([332], [283]) 0.5361586809158325
([333, 334], [284]) 0.45036062598228455
([335], [285]) 0.34970593452453613
([336], [286]) 0.3924037218093872
([337], [287]) 0.5662795901298523
([338], [288]) 0.7529651522636414
([339], [289]) 0.35951417684555054
([340], [290]) 0.34471598267555237
([341], [291]) 0.64597088098526
([342], [292]) 0.42277076840400696
([343], [293]) 0.6612211465835571
([344], [294]) 0.6995502710342407
([345], [295]) 0.5267353653907776
([346], [296]) 0.354211688041687
([347], [297]) 0.2947008013725281
([348], [298]) 0.32996755838394165
([349], [299]) 0.5717038512229919
([350], [300]) 0.45017486810684204
([351], [301]) 0.6305777430534363
([352], [302]) 0.3764495551586151
([353], [303]) 0.495219349861145
([354], [304]) 0.4619124233722687
([355], [305]) 0.32950058579444885
([356], [306, 307]) 0.44660019874572754
([357], [308]) 0.4429267644882202
([358, 359], [309]) 0.6645119190216064
([360], [310]) 0.5302065014839172
([361], [311]) 0.3365340232849121
([362, 363], [312]) 0.40036240220069885
([364], [313]) 0.42766809463500977
([365], [314]) 0.4058867394924164
([366], [315]) 0.3512049615383148
([367], [316]) 0.2724749743938446
([368], [317]) 0.4923204481601715
([369, 370, 371], [318]) 0.5488506952921549
([372], [319]) 0.4661068916320801
([373], [320]) 0.4235983192920685
([374], [321]) 0.5306942462921143
([375], [322]) 0.3168078362941742
([376], [323]) 0.4422301948070526
([377], [324]) 0.4258837401866913
([378], [325]) 0.2178218811750412
([379], [326]) 0.5620763301849365
([380], [327]) 0.4219031035900116
([381], [328]) 0.3533254861831665
([382], [329]) 0.5327938795089722
([383], [330]) 0.5049199461936951
([384], [331, 332]) 0.4313030540943146
([385], [333]) 0.6179826855659485
([386], [334]) 0.48535770177841187
([387], [335]) 0.4329014718532562
([388], [336]) 0.5335061550140381
([389], [337]) 0.33551692962646484
([390], [338]) 0.5035912990570068
([391], [339]) 0.6152592301368713
([392], [340]) 0.5485773682594299
([393], [341]) 0.350695937871933
([394], [342]) 0.7116782665252686
([395], [343]) 0.3578232526779175
([396], [344]) 0.5991647243499756
([397, 398], [345]) 0.35220691561698914
([399], [346]) 0.2684720456600189
([400], [347]) 0.5328314900398254
([401], [348]) 0.45153772830963135
([402], [349]) 0.4796130657196045
([403], [350]) 0.48279112577438354
([404], [351]) 0.4790940284729004
([405], [352]) 0.5477718710899353
([406], [353]) 0.667100727558136
([407], [354]) 0.38713955879211426
([408], [355]) 0.5682040452957153
([409], [356]) 0.5557864904403687
([410], [357]) 0.44796788692474365
([411], [358, 359]) 0.48360350728034973
([412], [360]) 0.4849005937576294
([413], [361]) 0.5309344530105591
([414], [362]) 0.3804622292518616
([415], [363]) 0.40712469816207886
([416], [364]) 0.47004449367523193
([417], [365]) 0.38934263586997986
([418], [366]) 0.32716596126556396
([419], [367]) 0.5154005289077759
([420], [368]) 0.5974962711334229
([421], [369]) 0.600091278553009
([422], [370]) 0.5211294889450073
([423], [371]) 0.6704577803611755
([424], [372]) 0.2875257134437561
([425], [373]) 0.4726300835609436
([426], [374]) 0.4604894816875458
([427], [375]) 0.38601988554000854
([428], [376]) 0.16878581047058105
([429], [377]) 0.41350287199020386
([430], [378]) 0.2615084946155548
([431], [379]) 0.48744308948516846
([432], [380]) 0.557609498500824
([433], [381]) 0.5868390798568726
([434], [382]) 0.5665571093559265
([435, 436], [383]) 0.47046926617622375
([437], [384]) 0.5348384380340576
([438], [385]) 0.47962507605552673
([439], [386]) 0.3590308129787445
([440], [387]) 0.4499618709087372
([441], [388]) 0.41824933886528015
([442], [389, 390]) 0.3383115231990814
([443], [391]) 0.4483118951320648
([444], [392]) 0.3139290511608124
([445], [393]) 0.4239443838596344
([446], [394]) 0.42053067684173584
([447, 448], [395]) 0.3741830885410309
([449], [396]) 0.5023608803749084
([450], [397, 398]) 0.4375012516975403
([451], [399]) 0.5036311745643616
([452], [400]) 0.5568603873252869
([453], [401]) 0.4610848128795624
([454], [402]) 0.5653368234634399
([455], [403]) 0.4673478603363037
([456], [404]) 0.26949331164360046
([457], [405]) 0.45866504311561584
([458], [406]) 0.5426589250564575
([459], [407]) 0.5588522553443909
([460], [408]) 0.6545862555503845
([461], [409]) 0.4950733780860901
([462], [410]) 0.341349333524704
([463, 464], [411]) 0.41221484541893005
([465], [412]) 0.3927439749240875
([466, 467], [413]) 0.45590171217918396
([468], [414]) 0.2999247908592224
([469], [415]) 0.5148688554763794
([470], [416]) 0.7769004702568054
([471], [417]) 0.30825233459472656
([472], [418]) 0.33288949728012085
([473, 474], [419]) 0.2570594549179077
