([0], [0]) 0.4151591956615448
([1], [1]) 0.42044350504875183
([2], [2, 3]) 0.3757646679878235
([3], [4]) 0.27903759479522705
([4], [5]) 0.37764832377433777
([5], [6]) 0.7121092081069946
([6], [7]) 0.4391815662384033
([7], [8]) 0.6112921237945557
([8, 9], [9]) 0.3495943546295166
([10], [10]) 0.37566322088241577
([11], [11]) 0.36379513144493103
([12], [12]) 0.3831775188446045
([13], [13]) 0.4169463515281677
([14], [14, 15]) 0.5488274097442627
([15], [16]) 0.38815218210220337
([16], [17]) 0.47494399547576904
([17], [18, 19]) 0.31832677125930786
([18], [20]) 0.41617900133132935
([19], [21]) 0.3256005644798279
([20], [22]) 0.40083637833595276
([21], [23, 24]) 0.47883340716362
([22], [25, 26]) 0.32122546434402466
([23], [27, 28]) 0.3922356963157654
([24], [29]) 0.6099870204925537
([25], [30]) 0.4440043568611145
([26], [31]) 0.525762677192688
([27], [32, 33]) 0.41170045733451843
([28], [34]) 0.39156848192214966
([29], [35]) 0.34474506974220276
([30, 31], [36]) 0.4065806269645691
([32], [37]) 0.4653990566730499
([33], [38]) 0.7162637114524841
([34], [39]) 0.34014904499053955
([35], [40, 41, 42]) 0.3348580598831177
([36], [43]) 0.4287438988685608
([37], [44]) 0.41753751039505005
([38], [45]) 0.46429187059402466
([39], [46]) 0.3305400013923645
([40], [47]) 0.47759172320365906
([41], [48]) 0.5170108079910278
([42], [49]) 0.6415401101112366
([43], [50]) 0.47561630606651306
([44], [51]) 0.7053980827331543
([45], [52]) 0.8161535859107971
([46], [53]) 0.5281274318695068
([47], [54]) 0.6332511901855469
([48], [55]) 0.4684392511844635
([49], [56]) 0.3659418821334839
([50], [57]) 0.7858631014823914
([51], [58, 59]) 0.694747269153595
([52], [60, 61]) 0.5787987112998962
([53], [62]) 0.6793420910835266
([54], [63]) 0.5977506637573242
([55], [64]) 0.5846648812294006
([56], [65, 66]) 0.4056471586227417
([57], [67]) 0.6502712965011597
([58], [68]) 0.5811446309089661
([59, 60], [69]) 0.5482286810874939
([61], [70]) 0.7253430485725403
([62], [71]) 0.591788649559021
([63], [72, 73]) 0.6280583739280701
([64], [74, 75]) 0.41691651940345764
([65], [76]) 0.3106858432292938
([66], [77]) 0.47771093249320984
([67, 68], [78]) 0.46796542406082153
([69], [79]) 0.5071223378181458
([70], [80]) 0.8539993166923523
([71], [81]) 0.9330725073814392
([72], [82]) 0.8551524877548218
([73, 74], [83]) 0.48490917682647705
([75], [84]) 0.43261122703552246
([76], [85]) 0.539840817451477
([77], [86]) 0.47771960496902466
([78], [87]) 0.42834174633026123
([79], [88, 89]) 0.6113475561141968
([80], [90, 91]) 0.4625818133354187
([81], [92, 93]) 0.36312517523765564
([82], [94]) 0.5934017300605774
([83], [95]) 0.5191556215286255
([84], [96]) 0.561762809753418
([85], [97]) 0.8196654915809631
([86], [98]) 0.7137839198112488
([87], [99]) 0.3405150771141052
([88], [100, 101]) 0.47689175605773926
([89], [102]) 0.26896530389785767
([90], [103]) 0.5279673337936401
([91], [104, 105]) 0.5205594301223755
([92], [106]) 0.6659454703330994
([93], [107]) 0.5246002078056335
([94], [108]) 0.7712087035179138
([95], [109]) 0.45224809646606445
([96], [110]) 0.6126664876937866
([97], [111]) 0.1456751823425293
([98], [112, 113, 114]) 0.36208542188008624
([99, 100], [115]) 0.5964050889015198
([101], [116]) 0.6515402793884277
([102], [117]) 0.4279862940311432
([103], [118]) 0.6675258874893188
([104], [119]) 0.6224163174629211
([105], [120]) 0.2914479970932007
([106], [121]) 0.5931339263916016
([107], [122]) 0.8948330283164978
([108], [123, 124, 125]) 0.43657660484313965
([109], [126]) 0.5008094906806946
([110], [127]) 0.35774630308151245
([111], [128]) 0.8861706852912903
([112, 113], [129]) 0.4703267216682434
([114], [130]) 0.6217929720878601
([115], [131]) 0.41251322627067566
([116], [132]) 0.4297213554382324
([117], [133]) 0.5241491794586182
([118], [134]) 0.5058715343475342
([119], [135]) 0.36374709010124207
([120], [136]) 0.47868525981903076
([121], [137]) 0.7339157462120056
([122], [138]) 0.4954173266887665
([123, 124], [139]) 0.47053396701812744
([125], [140]) 0.46865662932395935
([126], [141]) 0.36282259225845337
([127], [142]) 0.5091973543167114
([128], [143]) 0.5404650568962097
([129], [144]) 0.5005481839179993
([130], [145]) 0.5977301597595215
([131], [146]) 0.6705070734024048
([132], [147, 148]) 0.4517956078052521
([133], [149]) 0.5646516680717468
([134], [150]) 0.4353969097137451
([135], [151]) 0.5426899194717407
([136], [152]) 0.6154766082763672
([137], [153]) 0.6448090076446533
([138], [154]) 0.35775893926620483
([139], [155, 156]) 0.3162481486797333
([140], [157]) 0.43325075507164
([141], [158, 159, 160, 161]) 0.630699634552002
([142], [162]) 0.7431296706199646
([143], [163]) 0.40322816371917725
([144], [164, 165]) 0.3298865556716919
([145], [166]) 0.5554590225219727
([146], [167]) 0.5847548246383667
([147], [168, 169]) 0.5042430758476257
([148], [170]) 0.5778421759605408
([149], [171]) 0.5607420802116394
([150], [172]) 0.2987007200717926
([151], [173]) 0.4423780143260956
([152], [174]) 0.360463410615921
([153], [175]) 0.5398179888725281
([154], [176]) 0.5212417840957642
([155], [177]) 0.6304383277893066
([156], [178, 179, 180]) 0.24568714698155722
([157], [181]) 0.5258496999740601
([158], [182]) 0.434413343667984
([159], [183]) 0.4336749315261841
([160], [184]) 0.3465900123119354
([161], [185]) 0.7277410626411438
([162], [186, 187, 188]) 0.6546816428502401
([163], [189]) 0.39957430958747864
([164], [190, 191]) 0.44706934690475464
([165], [192]) 0.8614673614501953
([166], [193]) 0.5131409168243408
([167], [194]) 0.5372758507728577
([168], [195, 196]) 0.6579691171646118
([169], [197, 198]) 0.5195536613464355
([170], [199]) 0.4839002192020416
([171], [200]) 0.27820977568626404
([172], [201]) 0.32139575481414795
([173], [202]) 0.24070261418819427
([174], [203]) 0.1946912258863449
([175], [204]) 0.5130405426025391
([176], [205]) 0.3595891296863556
([177], [206]) 0.38554731011390686
([178], [207]) 0.3742872178554535
([179], [208]) 0.4044547975063324
([180], [209]) 0.4792507290840149
([181], [210]) 0.5595802664756775
([182, 183], [211]) 0.46722838282585144
([184], [212]) 0.5020126700401306
([185], [213]) 0.6010992527008057
([186], [214]) 0.6496412754058838
([187], [215]) 0.5382459163665771
([188], [216]) 0.5793238282203674
([189], [217]) 0.391397088766098
([190], [218]) 0.34819668531417847
([191], [219]) 0.4797391891479492
([192], [220, 221]) 0.48716554045677185
([193], [222]) 0.58644038438797
([194], [223]) 0.41106462478637695
([195], [224]) 0.8094133734703064
([196], [225]) 0.7121725678443909
([197], [226, 227, 228]) 0.4599852164586385
([198], [229]) 0.3780710995197296
([199], [230]) 0.49915918707847595
([200], [231, 232]) 0.5786537528038025
([201], [233]) 0.8241179585456848
([202], [234]) 0.581242024898529
([203], [235]) 0.506464421749115
([204], [236]) 0.861230731010437
([205], [237, 238]) 0.5686997175216675
([206], [239, 240]) 0.6118651628494263
([207], [241, 242, 243]) 0.4876498381296794
([208], [244, 245]) 0.3802282512187958
([209], [246]) 0.5592974424362183
([210], [247, 248]) 0.3289104104042053
([211], [249]) 0.7368351221084595
([212], [250]) 0.4400756061077118
([213], [251]) 0.3733285665512085
([214], [252]) 0.248252734541893
([215], [253]) 0.48482954502105713
([216], [254, 255]) 0.28874123096466064
([217], [256]) 0.3166784644126892
([218], [257]) 0.36419057846069336
([219], [258, 259, 260]) 0.4201284646987915
([220], [261]) 0.38725143671035767
([221], [262, 263]) 0.5593173503875732
([222], [264, 265]) 0.5196545124053955
([223], [266]) 0.4959716796875
([224], [267]) 0.40680307149887085
([225], [268]) 0.5493391752243042
([226], [269]) 0.48147836327552795
([227], [270]) 0.4141879677772522
([228], [271, 272]) 0.4263763725757599
([229], [273]) 0.4143561124801636
([230], [274, 275, 276]) 0.2971956133842468
([231], [277]) 0.4761427044868469
([232], [278]) 0.48780208826065063
([233], [279]) 0.4777343273162842
([234], [280]) 0.24513787031173706
([235], [281]) 0.30049949884414673
([236], [282]) 0.3417666256427765
([237], [283]) 0.7345152497291565
([238], [284, 285]) 0.5373504757881165
([239], [286, 287]) 0.3699410855770111
([240], [288]) 0.6242120265960693
([241], [289]) 0.37746578454971313
([242], [290]) 0.6125253438949585
([243], [291]) 0.386677622795105
([244], [292]) 0.3178597390651703
([245], [293, 294]) 0.4938383400440216
([246], [295]) 0.6709228157997131
([247], [296]) 0.3696395754814148
([248], [297, 298]) 0.6797017455101013
([249], [299, 300]) 0.385757714509964
([250], [301]) 0.5433647632598877
([251], [302]) 0.30422261357307434
([252], [303]) 0.559424877166748
([253], [304]) 0.5892528891563416
([254], [305, 306, 307]) 0.45389942328135174
([255, 256], [308]) 0.45813024044036865
([257], [309]) 0.4695100784301758
([258], [310]) 0.5529501438140869
([259], [311]) 0.5344417691230774
([260], [312]) 0.7402523756027222
([261], [313, 314]) 0.624894380569458
([262], [315]) 0.691342294216156
([263], [316]) 0.5736113786697388
([264, 265, 266], [317]) 0.33763007322947186
([267], [318]) 0.8452405333518982
([268], [319, 320, 321]) 0.3566581805547078
([269], [322]) 0.6682763695716858
([270], [323]) 0.30167219042778015
([271], [324]) 0.5357122421264648
([272], [325, 326, 327, 328]) 0.26402294635772705
([273], [329, 330]) 0.4172963500022888
([274, 275], [331]) 0.46761178970336914
([276], [332, 333, 334]) 0.387886921564738
([277], [335]) 0.5823688507080078
([278], [336, 337, 338]) 0.40580352147420246
([279], [339, 340]) 0.4881684482097626
([280], [341, 342]) 0.3762231767177582
([281], [343, 344, 345]) 0.4764435291290283
([282], [346]) 0.6298717260360718
([283], [347]) 0.33426663279533386
([284], [348]) 0.4127855896949768
([285], [349, 350, 351]) 0.2513345678647359
([286], [352]) 0.3770555555820465
([287], [353]) 0.49636325240135193
([288], [354, 355, 356, 357]) 0.4597887098789215
([289], [358]) 0.3166847825050354
([290], [359]) 0.5166008472442627
([291], [360]) 0.4299066364765167
([292], [361, 362]) 0.30727633833885193
([293], [363]) 0.4364718496799469
([294], [364, 365]) 0.3782671093940735
([295], [366]) 0.569778561592102
([296], [367]) 0.41886988282203674
([297], [368]) 0.3580682575702667
([298], [369]) 0.5075556635856628
([299], [370, 371]) 0.3508550524711609
([300], [372]) 0.33681559562683105
([301], [373]) 0.39207226037979126
([302], [374]) 0.4560505449771881
([303], [375]) 0.49935391545295715
([304], [376]) 0.5279476642608643
([305], [377]) 0.25992172956466675
([306], [378]) 0.6047167181968689
([307], [379]) 0.6487631797790527
([308], [380]) 0.4857296645641327
([309], [381]) 0.5883963704109192
([310], [382, 383]) 0.31356969475746155
([311], [384]) 0.5679689645767212
([312], [385]) 0.7994495630264282
([313], [386]) 0.6372500658035278
([314], [387, 388]) 0.44905245304107666
([315], [389]) 0.3487645983695984
([316], [390]) 0.5361762642860413
([317], [391]) 0.5423522591590881
([318], [392]) 0.5262176394462585
([319], [393]) 0.7162395119667053
([320], [394]) 0.480832576751709
([321], [395]) 0.753963828086853
([322], [396]) 0.7951015830039978
([323], [397]) 0.7263975143432617
([324], [398, 399]) 0.597064733505249
([325], [400]) 0.5054911971092224
([326], [401]) 0.5172226428985596
([327], [402, 403]) 0.48148176074028015
([328], [404, 405]) 0.42554858326911926
([329], [406, 407]) 0.46705183386802673
([330], [408, 409, 410]) 0.42493343353271484
([331], [411]) 0.743278443813324
([332], [412, 413]) 0.612773597240448
([333], [414, 415]) 0.4190034866333008
([334], [416, 417]) 0.3700951039791107
([335], [418]) 0.5337008833885193
([336], [419, 420]) 0.5195148587226868
([337], [421]) 0.5173711776733398
([338], [422]) 0.6527773141860962
([339], [423, 424]) 0.4880942404270172
([340, 341], [425]) 0.5404160618782043
([342], [426]) 0.5174439549446106
([343], [427, 428]) 0.31878650188446045
([344], [429]) 0.5428186058998108
([345], [430]) 0.4606570601463318
([346], [431]) 0.36312440037727356
([347], [432]) 0.4890320301055908
([348], [433, 434]) 0.4236019253730774
([349], [435]) 0.44261959195137024
([350], [436]) 0.40872830152511597
([351], [437]) 0.37450432777404785
([352], [438]) 0.4202304780483246
([353], [439, 440]) 0.5848283171653748
([354], [441]) 0.8743997812271118
([355], [442]) 0.585865318775177
([356], [443]) 0.6452116370201111
([357], [444]) 0.6398444175720215
([358], [445]) 0.4648899734020233
([359], [446]) 0.5955720543861389
([360], [447]) 0.49684035778045654
([361], [448]) 0.5761732459068298
([362, 363], [449]) 0.6314574480056763
([364], [450]) 0.45859766006469727
([365], [451]) 0.962129533290863
([366, 367], [452]) 0.3430919647216797
([368], [453, 454]) 0.691951334476471
([369], [455, 456]) 0.44472941756248474
([370], [457]) 0.5076865553855896
([371], [458, 459]) 0.5673579573631287
([372], [460]) 0.34314820170402527
([373], [461, 462]) 0.658689558506012
([374], [463]) 0.6311352252960205
([375], [464]) 0.36968132853507996
([376], [465]) 0.4379928708076477
([377], [466]) 0.33635401725769043
([378], [467]) 0.32180073857307434
([379], [468]) 0.49413424730300903
([380], [469]) 0.2329029142856598
([381], [470, 471]) 0.3758956491947174
([382], [472, 473]) 0.573537290096283
([383], [474]) 0.4523928165435791
([384], [475]) 0.3136223554611206
([385], [476]) 0.381843626499176
([386], [477]) 0.5360754132270813
([387, 388], [478]) 0.4236982464790344
([389], [479]) 0.4709877371788025
([390], [480]) 0.45720455050468445
([391], [481]) 0.37860363721847534
([392], [482]) 0.47543302178382874
([393, 394], [483]) 0.531068742275238
([395], [484]) 0.5419147610664368
([396], [485, 486]) 0.6636215448379517
([397], [487]) 0.5164986252784729
([398], [488, 489]) 0.5737360715866089
([399], [490]) 0.6570980548858643
([400], [491]) 0.24578264355659485
([401], [492]) 0.4258553087711334
([402], [493, 494]) 0.3331229090690613
([403], [495]) 0.6195183992385864
([404], [496]) 0.4997022747993469
([405, 406, 407], [497, 498]) 0.3807270924250285
([408], [499]) 0.38093939423561096
([409], [500]) 0.2993942201137543
([410], [501, 502, 503]) 0.32478926579157513
([411], [504]) 0.33782759308815
([412], [505]) 0.30057045817375183
([413], [506]) 0.48206576704978943
([414], [507]) 0.3870146870613098
([415], [508]) 0.37866470217704773
([416], [509]) 0.5819310545921326
([417], [510]) 0.25143924355506897
([418], [511, 512]) 0.3666134774684906
([419], [513, 514]) 0.4823128283023834
([420], [515, 516]) 0.3721005916595459
([421], [517]) 0.346862256526947
([422], [518]) 0.3168177306652069
([423], [519]) 0.3400142788887024
([424], [520]) 0.8063483834266663
([425], [521]) 0.5196489095687866
([426, 427], [522]) 0.5719203352928162
([428, 429], [523]) 0.4642767310142517
([430], [524]) 0.49534621834754944
([431], [525]) 0.6539008021354675
([432], [526]) 0.4752943515777588
([433], [527]) 0.46867474913597107
([434], [528, 529]) 0.4625692367553711
([435], [530]) 0.5548109412193298
([436], [531, 532]) 0.581935703754425
([437, 438], [533]) 0.5666929483413696
([439], [534, 535]) 0.35655680298805237
([440], [536, 537]) 0.27178385853767395
([441], [538, 539]) 0.4093340039253235
([442], [540]) 0.8173682689666748
([443], [541]) 0.4502825438976288
([444], [542, 543]) 0.5750678777694702
([445], [544]) 0.615932822227478
([446], [545]) 0.8787209391593933
([447], [546]) 0.6957149505615234
([448], [547]) 0.4912477731704712
([449], [548]) 0.5432878136634827
([450], [549]) 0.49055051803588867
([451], [550]) 0.485223650932312
([452], [551]) 0.7992705702781677
([453], [552]) 0.49256014823913574
([454], [553]) 0.5194323658943176
([455], [554, 555]) 0.6848204135894775
([456], [556, 557]) 0.32911431789398193
([457], [558]) 0.9531902074813843
([458], [559]) 0.5061975717544556
([459], [560]) 0.590126097202301
([460], [561]) 0.23733539879322052
([461], [562]) 0.6989043354988098
([462], [563, 564]) 0.6130590438842773
([463], [565]) 0.47948360443115234
([464], [566]) 0.4988594949245453
([465], [567]) 0.5789684653282166
([466], [568]) 0.628861665725708
([467], [569, 570]) 0.4492831230163574
([468], [571, 572, 573]) 0.41830917199452716
([469], [574, 575]) 0.5577152967453003
([470], [576]) 0.7473462224006653
([471], [577]) 0.47710371017456055
([472], [578]) 0.3468805253505707
([473], [579]) 0.625153124332428
([474], [580]) 0.5481982827186584
([475], [581]) 0.43534764647483826
([476], [582]) 0.48960286378860474
([477], [583]) 0.5816165804862976
([478], [584, 585]) 0.4278128743171692
([479], [586]) 0.6632953882217407
([480], [587]) 0.5727198123931885
([481], [588, 589]) 0.6427049040794373
([482], [590, 591]) 0.38279592990875244
([483], [592]) 0.4305677115917206
([484], [593]) 0.23111136257648468
([485], [594]) 0.32277700304985046
([486], [595]) 0.5657697916030884
([487], [596, 597]) 0.3910960555076599
([488], [598]) 0.6883722543716431
([489], [599]) 0.5027129054069519
([490], [600, 601]) 0.443962424993515
([491], [602, 603]) 0.4707932472229004
([492, 493], [604]) 0.5273685455322266
([494], [605]) 0.9034091830253601
([495], [606, 607]) 0.2542591691017151
([496], [608]) 0.7010111212730408
([497], [609, 610]) 0.33772894740104675
([498], [611]) 0.4514941871166229
([499], [612]) 0.657561182975769
([500], [613, 614]) 0.30864644050598145
([501], [615]) 0.6221963763237
([502], [616, 617]) 0.5176665782928467
([503], [618]) 0.7281031012535095
([504], [619, 620]) 0.45382726192474365
([505], [621, 622]) 0.45913180708885193
([506], [623, 624]) 0.7299665212631226
([507], [625]) 0.5826932191848755
([508], [626, 627]) 0.5898450016975403
([509], [628]) 0.41255930066108704
([510], [629]) 0.3123473525047302
([511], [630]) 0.488819420337677
([512], [631]) 0.3173528015613556
([513], [632, 633, 634]) 0.5666626691818237
([514], [635]) 0.35950276255607605
([515], [636]) 0.5036038756370544
([516], [637, 638]) 0.6177480220794678
([517], [639]) 0.3686695992946625
([518], [640]) 0.6745020151138306
([519], [641]) 0.6325710415840149
([520], [642]) 0.508991539478302
([521], [643]) 0.3822227716445923
([522], [644]) 0.19216017425060272
([523], [645]) 0.48915162682533264
([524], [646]) 0.5601043105125427
([525], [647]) 0.5467698574066162
([526], [648]) 0.7668949961662292
([527], [649, 650]) 0.2791126072406769
([528], [651]) 0.6815482378005981
([529], [652]) 0.6184644103050232
([530], [653]) 0.4265889823436737
([531], [654]) 0.5856159329414368
([532], [655]) 0.9028142094612122
([533], [656, 657, 658]) 0.4392990668614705
([534], [659]) 0.5601329803466797
([535], [660]) 0.5844358801841736
([536], [661]) 0.5771344304084778
([537], [662]) 0.71027672290802
([538], [663]) 0.2022823542356491
([539], [664]) 0.7368577122688293
([540], [665]) 0.6846176385879517
([541], [666]) 0.807781457901001
([542], [667, 668]) 0.742656946182251
([543], [669]) 0.5919588208198547
([544], [670, 671]) 0.4161641597747803
([545], [672]) 0.6564802527427673
([546], [673]) 0.20922799408435822
([547], [674]) 0.24188867211341858
([548], [675]) 0.25946173071861267
([549], [676]) 0.5592149496078491
([550], [677, 678, 679]) 0.4360986153284709
([551], [680]) 0.6089835166931152
([552], [681, 682]) 0.27748334407806396
([553, 554], [683]) 0.5080873370170593
([555], [684, 685]) 0.4174090325832367
([556], [686]) 0.6552265286445618
([557], [687]) 0.40407130122184753
([558], [688]) 0.24811559915542603
([559], [689, 690, 691, 692]) 0.3390492796897888
([560], [693]) 0.5532546639442444
([561], [694, 695]) 0.3678119480609894
([562], [696]) 0.24233615398406982
([563], [697]) 0.6220067739486694
([564], [698]) 0.35512611269950867
([565], [699]) 0.43720993399620056
([566], [700]) 0.4565272927284241
([567], [701, 702]) 0.6378395557403564
([568], [703]) 0.5079839825630188
([569], [704]) 0.5582874417304993
([570], [705]) 0.5526310801506042
([571], [706]) 0.5638946294784546
([572], [707, 708]) 0.8062664866447449
([573], [709]) 0.7294211983680725
([574], [710]) 0.5561966300010681
([575], [711, 712, 713]) 0.6681037743886312
([576], [714]) 0.4685209393501282
([577], [715, 716]) 0.548380970954895
([578], [717, 718]) 0.4287145137786865
([579], [719]) 0.46558448672294617
([580], [720]) 0.4156761169433594
([581], [721]) 0.49768421053886414
([582], [722, 723]) 0.45628562569618225
([583], [724]) 0.5268638730049133
([584], [725, 726]) 0.5869124531745911
([585], [727, 728]) 0.44373050332069397
([586], [729]) 0.4996097981929779
([587], [730]) 0.6129979491233826
([588], [731, 732, 733]) 0.4281152884165446
([589], [734, 735]) 0.5174561142921448
([590], [736]) 0.563802182674408
([591], [737]) 0.3431455194950104
([592], [738]) 0.5797023177146912
([593, 594], [739]) 0.2527892589569092
([595], [740]) 0.3442857563495636
([596], [741]) 0.5234836339950562
([597], [742]) 0.7263695597648621
([598], [743, 744]) 0.49385082721710205
([599], [745, 746]) 0.41721922159194946
([600], [747, 748]) 0.7527068853378296
([601], [749, 750]) 0.5738444924354553
([602], [751]) 0.49802932143211365
([603], [752, 753]) 0.5620452761650085
([604], [754]) 0.6028262972831726
([605], [755]) 0.8536351919174194
([606], [756, 757, 758]) 0.37225115299224854
([607], [759]) 0.6077393889427185
([608], [760]) 0.6514908671379089
([609], [761]) 0.29161033034324646
([610], [762]) 0.6331669092178345
([611], [763]) 0.6242247223854065
([612], [764, 765, 766]) 0.5596848726272583
([613], [767]) 0.4573839008808136
([614], [768]) 0.6691145896911621
([615], [769, 770]) 0.5846599340438843
([616], [771]) 0.3375217914581299
([617], [772]) 0.5384917855262756
([618], [773]) 0.5808579921722412
([619], [774, 775]) 0.567847728729248
([620], [776]) 0.8530154228210449
([621], [777, 778, 779, 780]) 0.5270175933837891
([622], [781]) 0.7441849112510681
([623], [782]) 0.5952466726303101
([624], [783, 784]) 0.49816474318504333
([625], [785]) 0.5278445482254028
([626], [786]) 0.4928642213344574
([627], [787]) 0.484008252620697
([628], [788]) 0.5005357265472412
([629], [789]) 0.541083812713623
([630], [790, 791]) 0.5663624405860901
([631], [792]) 0.3158647119998932
([632], [793]) 0.4481530487537384
([633], [794]) 0.7108948230743408
([634], [795]) 0.5734965205192566
([635], [796, 797]) 0.5003597140312195
([636], [798]) 0.933144211769104
([637], [799]) 0.8884873986244202
([638], [800]) 0.4072165787220001
([639], [801, 802]) 0.31708845496177673
([640], [803, 804]) 0.3636963367462158
([641], [805]) 0.4033873677253723
([642], [806]) 0.26580047607421875
([643], [807]) 0.4611407518386841
([644], [808]) 0.5402253270149231
([645], [809, 810, 811]) 0.27873478333155316
([646], [812]) 0.3031795918941498
([647], [813, 814]) 0.4108698070049286
([648], [815]) 0.4966706931591034
([649], [816]) 0.44156891107559204
([650], [817, 818]) 0.39217129349708557
([651], [819, 820]) 0.2968311905860901
([652], [821]) 0.3387303650379181
([653], [822]) 0.34255969524383545
([654], [823]) 0.4982674717903137
([655], [824]) 0.6075685620307922
([656], [825]) 0.5856199860572815
([657], [826]) 0.4852331280708313
([658], [827]) 0.5108428597450256
([659], [828]) 0.39090240001678467
([660], [829, 830]) 0.30879199504852295
([661], [831]) 0.41420426964759827
([662], [832]) 0.6758745908737183
([663], [833]) 0.695984423160553
([664], [834]) 0.6452519297599792
([665], [835, 836]) 0.23816536366939545
([666], [837]) 0.48688656091690063
([667], [838]) 0.6260700821876526
([668], [839, 840]) 0.5103819370269775
([669], [841, 842]) 0.429967999458313
([670], [843, 844]) 0.4779488146305084
([671], [845]) 0.599128007888794
([672], [846]) 0.8442215919494629
([673], [847, 848]) 0.47988301515579224
([674], [849]) 0.3079542815685272
([675], [850]) 0.3334144055843353
([676], [851, 852]) 0.6091017127037048
([677], [853]) 0.4141080975532532
([678], [854]) 0.6130945086479187
([679], [855]) 0.43846994638442993
([680], [856]) 0.4840632975101471
([681], [857]) 0.28198325634002686
([682], [858, 859]) 0.3657928705215454
([683], [860, 861]) 0.38831615447998047
([684], [862]) 0.6448632478713989
([685], [863]) 0.34976646304130554
([686], [864]) 0.21041205525398254
([687], [865]) 0.42718377709388733
([688, 689], [866]) 0.5206590890884399
