([0, 1], [0]) 0.4215950667858124
([2], [1]) 0.46726906299591064
([3], [2]) 0.6136514544487
([4, 5], [3]) 0.3862595558166504
([6], [4]) 0.36299100518226624
([7, 8], [5]) 0.3946249186992645
([9], [6]) 0.49359187483787537
([10], [7]) 0.48689818382263184
([11, 12, 13], [8]) 0.33786038557688397
([14], [9]) 0.3665606677532196
([15], [10]) 0.5668824315071106
([16], [11]) 0.4304204285144806
([17], [12]) 0.41990989446640015
([18], [13]) 0.3844137489795685
([19], [14, 15]) 0.5429096221923828
([20, 21], [16]) 0.4348224103450775
([22], [17, 18]) 0.5601444244384766
([23], [19]) 0.4640463888645172
([24], [20]) 0.7487579584121704
([25], [21]) 0.7940120697021484
([26], [22]) 0.45656877756118774
([27], [23]) 0.4040123522281647
([28], [24]) 0.17565594613552094
([29], [25]) 0.3738068640232086
([30, 31], [26]) 0.3699031472206116
([32], [27]) 0.8560705184936523
([33], [28]) 0.4772834777832031
([34], [29]) 0.32229140400886536
([35], [30]) 0.40613889694213867
([36], [31]) 0.4279361963272095
([37], [32]) 0.3692389130592346
([38], [33, 34]) 0.38400858640670776
([39], [35]) 0.508632242679596
([40], [36]) 0.42597490549087524
([41], [37]) 0.5892547965049744
([42], [38]) 0.48660901188850403
([43], [39]) 0.31292927265167236
([44], [40]) 0.528468668460846
([45], [41]) 0.4513293206691742
([46], [42, 43]) 0.4087902903556824
([47], [44]) 0.7037312388420105
([48, 49], [45]) 0.5080565214157104
([50, 51, 52], [46]) 0.3597378333409627
([53], [47]) 0.46463915705680847
([54], [48]) 0.3386836051940918
([55, 56], [49]) 0.40557119250297546
([57], [50]) 0.49023211002349854
([58], [51]) 0.45739710330963135
([59], [52]) 0.29424622654914856
([60, 61], [53]) 0.480985164642334
([62], [54]) 0.41208285093307495
([63], [55]) 0.35319703817367554
([64], [56]) 0.3616393804550171
([65], [57]) 0.42221543192863464
([66], [58]) 0.5641741156578064
([67], [59]) 0.5593668222427368
([68], [60, 61]) 0.42021071910858154
([69], [62]) 0.5130944848060608
([70], [63, 64]) 0.4521583318710327
([71], [65]) 0.5168079733848572
([72], [66]) 0.3667132556438446
([73], [67]) 0.42082491517066956
([74], [68, 69]) 0.526917576789856
([75], [70, 71]) 0.398233026266098
([76], [72]) 0.7341541051864624
([77], [73]) 0.5327038764953613
([78], [74]) 0.8274850249290466
([79], [75]) 0.4977884888648987
([80], [76, 77]) 0.590576708316803
([81], [78]) 0.46853533387184143
([82], [79]) 0.7583532333374023
([83], [80]) 0.5900295972824097
([84], [81]) 0.5758517384529114
([85], [82, 83]) 0.38685110211372375
([86], [84, 85]) 0.48618894815444946
([87], [86]) 0.5839889049530029
([88], [87, 88]) 0.3160719871520996
([89], [89]) 0.45191749930381775
([90], [90]) 0.35483318567276
([91], [91]) 0.49212947487831116
([92, 93], [92]) 0.5362162590026855
([94], [93]) 0.5860340595245361
([95], [94]) 0.4504888951778412
([96], [95]) 0.7644477486610413
([97], [96]) 0.45101839303970337
([98], [97]) 0.5771113038063049
([99], [98, 99]) 0.5016765594482422
([100], [100]) 0.43854624032974243
([101], [101]) 0.39457428455352783
([102], [102]) 0.40251657366752625
([103], [103]) 0.4131326973438263
([104], [104]) 0.36331358551979065
([105], [105]) 0.3975388705730438
([106], [106]) 0.6167703866958618
([107], [107]) 0.5028326511383057
([108], [108]) 0.49409615993499756
([109], [109]) 0.5441141128540039
([110], [110]) 0.4869176149368286
([111, 112], [111]) 0.31382107734680176
([113], [112]) 0.4643128216266632
([114, 115], [113]) 0.3478045165538788
([116], [114]) 0.695067822933197
([117, 118], [115]) 0.2876169979572296
([119], [116]) 0.3600642681121826
([120], [117]) 0.38524073362350464
([121], [118]) 0.7709352374076843
([122], [119]) 0.37737908959388733
([123], [120]) 0.27634650468826294
([124], [121]) 0.5200884938240051
([125], [122, 123]) 0.30736252665519714
([126], [124]) 0.7897067070007324
([127], [125]) 0.6964994072914124
([128], [126]) 0.6720094084739685
([129], [127]) 0.43112996220588684
([130], [128]) 0.5384016633033752
([131], [129]) 0.5758700966835022
([132], [130]) 0.5739975571632385
([133], [131]) 0.4652750790119171
([134], [132]) 0.4236939549446106
([135], [133]) 0.40057069063186646
([136], [134]) 0.32375240325927734
([137], [135]) 0.6170229911804199
([138], [136]) 0.7473421692848206
([139], [137]) 0.2516678273677826
([140], [138]) 0.4410891830921173
([141], [139]) 0.542255699634552
([142], [140]) 0.677651047706604
([143], [141]) 0.5190196633338928
([144, 145], [142]) 0.37724751234054565
([146, 147], [143]) 0.3532739579677582
([148], [144]) 0.35236409306526184
([149, 150], [145]) 0.29679492115974426
([151, 152], [146]) 0.29644063115119934
([153], [147]) 0.412847638130188
([154], [148]) 0.268830269575119
([155], [149]) 0.3938654959201813
([156], [150]) 0.38408610224723816
([157], [151]) 0.321999192237854
([158, 159], [152]) 0.38694581389427185
([160], [153]) 0.34677547216415405
([161, 162, 163, 164], [154]) 0.31462404131889343
([165], [155]) 0.18692870438098907
([166], [156]) 0.6738828420639038
([167], [157, 158]) 0.46724966168403625
([168], [159, 160]) 0.4257482588291168
([169], [161]) 0.41982072591781616
([170, 171], [162]) 0.3737618625164032
([172], [163]) 0.5131170153617859
([173], [164]) 0.43407467007637024
([174], [165]) 0.28834882378578186
([175], [166]) 0.35643497109413147
([176], [167]) 0.47961631417274475
([177], [168, 169]) 0.5251810550689697
([178], [170]) 0.4453063905239105
([179], [171]) 0.46285420656204224
([180], [172]) 0.4115903377532959
([181], [173]) 0.7360474467277527
([182], [174]) 0.3922154903411865
([183], [175]) 0.8073025345802307
([184], [176]) 0.39326319098472595
([185], [177]) 0.290232390165329
([186], [178]) 0.5624126195907593
([187], [179]) 0.4038381576538086
([188, 189], [180]) 0.3391972780227661
([190], [181]) 0.5877789258956909
([191], [182, 183]) 0.5365412831306458
([192], [184]) 0.7005990147590637
([193], [185]) 0.35973918437957764
([194], [186]) 0.5560629963874817
([195], [187]) 0.2567073702812195
([196, 197], [188]) 0.2537230849266052
([198], [189]) 0.7541254758834839
([199], [190]) 0.3602490723133087
([200], [191]) 0.31711676716804504
([201], [192]) 0.42187318205833435
([202], [193]) 0.32621026039123535
([203], [194]) 0.49048811197280884
([204], [195]) 0.4493214786052704
([205], [196]) 0.43801188468933105
([206], [197, 198, 199]) 0.3782128095626831
([207, 208], [200]) 0.3679671883583069
([209], [201]) 0.5547382235527039
([210], [202]) 0.3099202811717987
([211], [203, 204]) 0.4707401692867279
([212], [205]) 0.6417314410209656
([213], [206]) 0.40217122435569763
([214], [207]) 0.4389864206314087
([215], [208]) 0.3028455078601837
([216], [209]) 0.6198868751525879
([217], [210]) 0.6979290246963501
([218], [211]) 0.44961029291152954
([219], [212]) 0.7942565679550171
([220], [213]) 0.3274596631526947
([221], [214]) 0.40574049949645996
([222], [215]) 0.4467512369155884
([223], [216]) 0.5582044720649719
([224], [217]) 0.4020928740501404
([225], [218, 219]) 0.43019887804985046
([226], [220]) 0.8486337661743164
([227], [221]) 0.39374470710754395
([228], [222]) 0.34262487292289734
([229], [223]) 0.4894258677959442
([230], [224]) 0.42484158277511597
([231], [225]) 0.5088518857955933
([232], [226]) 0.4519435465335846
([233], [227, 228]) 0.4001888632774353
([234], [229]) 0.31461653113365173
([235], [230]) 0.20345474779605865
([236], [231]) 0.47311922907829285
([237], [232]) 0.4367468059062958
([238, 239], [233]) 0.5842089653015137
([240], [234]) 0.32087862491607666
([241, 242], [235]) 0.390868216753006
([243], [236]) 0.4312403202056885
([244], [237]) 0.49974724650382996
([245], [238]) 0.3120262324810028
([246], [239]) 0.4159066081047058
([247], [240, 241]) 0.5012083053588867
([248], [242]) 0.41010844707489014
([249], [243]) 0.40940484404563904
([250], [244, 245]) 0.4718317687511444
([251], [246]) 0.5600919127464294
([252], [247]) 0.5137549042701721
([253], [248]) 0.47200116515159607
([254], [249]) 0.31171777844429016
([255], [250, 251]) 0.4665510654449463
([256], [252]) 0.7578830718994141
([257], [253]) 0.501604437828064
([258, 259, 260, 261], [254]) 0.4102849066257477
([262], [255]) 0.24651597440242767
([263], [256]) 0.5002591013908386
([264], [257]) 0.5984057188034058
([265], [258]) 0.709724485874176
([266], [259]) 0.45038193464279175
([267], [260]) 0.49175557494163513
([268], [261]) 0.5337775945663452
([269, 270], [262]) 0.4588010013103485
([271], [263]) 0.5118553638458252
([272], [264]) 0.38122376799583435
([273], [265]) 0.5973612666130066
([274], [266]) 0.5803051590919495
([275], [267]) 0.8231350183486938
([276], [268]) 0.43218863010406494
([277], [269, 270]) 0.5171931982040405
([278], [271]) 0.7052839398384094
([279], [272, 273]) 0.3449990153312683
([280, 281], [274]) 0.32303744554519653
([282], [275, 276]) 0.5870282649993896
([283], [277]) 0.40322571992874146
([284], [278, 279]) 0.2736935317516327
([285], [280]) 0.4471321702003479
([286], [281]) 0.3803538382053375
([287], [282]) 0.7414772510528564
([288], [283]) 0.6082311868667603
([289], [284]) 0.6940595507621765
([290], [285, 286]) 0.45983225107192993
([291], [287]) 0.7560761570930481
([292], [288]) 0.42287319898605347
([293], [289]) 0.592055082321167
([294], [290]) 0.6296389102935791
([295], [291]) 0.5435836315155029
([296], [292, 293]) 0.5161697864532471
([297], [294, 295]) 0.4697912931442261
([298], [296]) 0.5040637254714966
([299, 300], [297]) 0.39382508397102356
([301], [298]) 0.5134031176567078
([302], [299]) 0.33953428268432617
([303], [300]) 0.5784024596214294
([304], [301]) 0.6379650235176086
([305], [302]) 0.5177915096282959
([306], [303]) 0.5577846765518188
([307], [304]) 0.3489118218421936
([308], [305]) 0.48916301131248474
([309], [306]) 0.31526800990104675
([310], [307]) 0.38705986738204956
([311], [308]) 0.7454807758331299
([312], [309]) 0.6259177923202515
([313], [310]) 0.5546001195907593
([314], [311, 312]) 0.40361806750297546
([315], [313]) 0.2530330419540405
([316], [314]) 0.37319281697273254
([317], [315]) 0.41232064366340637
([318], [316]) 0.650298535823822
([319], [317]) 0.6433724761009216
([320], [318, 319]) 0.4600088596343994
([321], [320]) 0.5430975556373596
([322], [321]) 0.7573903799057007
([323], [322]) 0.6358541250228882
([324], [323]) 0.6194478273391724
([325], [324]) 0.4866325557231903
([326], [325]) 0.2751617431640625
([327], [326]) 0.3727819621562958
([328], [327]) 0.5651038885116577
([329, 330], [328]) 0.3867310583591461
([331, 332], [329]) 0.48151707649230957
([333], [330]) 0.675250768661499
([334], [331]) 0.3290693163871765
([335], [332]) 0.5750956535339355
([336], [333]) 0.6998827457427979
([337], [334]) 0.2518531382083893
([338], [335, 336]) 0.5437517166137695
([339], [337]) 0.46647965908050537
([340], [338]) 0.5297648310661316
([341], [339]) 0.4347105026245117
([342], [340]) 0.578956663608551
([343], [341, 342]) 0.4288693368434906
([344], [343]) 0.44297876954078674
([345], [344]) 0.5060201287269592
([346], [345]) 0.36021554470062256
([347], [346]) 0.5364571213722229
([348], [347]) 0.47300347685813904
([349], [348]) 0.31835678219795227
([350], [349]) 0.5109965801239014
([351], [350]) 0.410897433757782
([352], [351]) 0.5091911554336548
([353], [352]) 0.30022111535072327
([354], [353]) 0.4529828429222107
([355], [354, 355]) 0.32256966829299927
([356], [356]) 0.5093792676925659
([357], [357]) 0.39411675930023193
([358], [358]) 0.3202149569988251
([359], [359]) 0.4997114837169647
([360], [360]) 0.4367583990097046
([361], [361]) 0.3424617052078247
([362, 363], [362]) 0.4367493987083435
([364], [363]) 0.5192629098892212
([365, 366, 367], [364]) 0.33430659770965576
([368], [365, 366]) 0.449272096157074
([369], [367]) 0.41625985503196716
([370], [368, 369]) 0.4991007149219513
([371], [370]) 0.2713477611541748
([372], [371]) 0.3481317162513733
([373], [372]) 0.673486053943634
([374], [373]) 0.7250314950942993
([375], [374, 375]) 0.5608382821083069
([376], [376]) 0.3617311716079712
([377, 378], [377]) 0.5592687129974365
([379], [378]) 0.486118346452713
([380], [379]) 0.33472710847854614
([381], [380, 381]) 0.32330334186553955
([382], [382]) 0.49087998270988464
([383], [383, 384]) 0.40667858719825745
([384], [385]) 0.7841343283653259
([385], [386, 387]) 0.732276439666748
([386], [388, 389]) 0.5920163989067078
([387], [390]) 0.318645179271698
([388], [391]) 0.3964850902557373
([389], [392]) 0.3473328649997711
([390], [393]) 0.5649817585945129
([391], [394]) 0.4179192781448364
([392], [395]) 0.3927290141582489
([393], [396]) 0.3456169366836548
([394], [397]) 0.7437716722488403
([395], [398]) 0.419103741645813
([396], [399]) 0.5574328899383545
([397], [400]) 0.6059269905090332
([398], [401]) 0.613692045211792
([399], [402]) 0.6240879893302917
([400], [403]) 0.31275469064712524
([401], [404]) 0.31235548853874207
([402], [405]) 0.2442322075366974
([403], [406]) 0.3563477098941803
([404], [407]) 0.4736751914024353
([405], [408]) 0.5742763876914978
([406], [409]) 0.6138689517974854
([407], [410, 411]) 0.6898565888404846
([408], [412, 413]) 0.4183308780193329
([409], [414]) 0.6473173499107361
([410], [415]) 0.6889097094535828
([411], [416]) 0.47415056824684143
([412], [417]) 0.5309509634971619
([413], [418, 419]) 0.5734338760375977
([414], [420]) 0.6183992624282837
([415], [421, 422, 423]) 0.4094401995340983
([416], [424]) 0.4641152322292328
([417], [425]) 0.2545422911643982
([418], [426]) 0.5799952149391174
([419], [427]) 0.43991127610206604
([420], [428]) 0.48935848474502563
([421], [429]) 0.43062624335289
([422], [430]) 0.5835388898849487
([423], [431]) 0.521356999874115
([424], [432]) 0.43926286697387695
([425], [433]) 0.5625458359718323
([426], [434]) 0.2626119554042816
([427], [435]) 0.6755819916725159
([428], [436]) 0.5639107823371887
([429], [437]) 0.5362227559089661
([430, 431], [438]) 0.3504561185836792
([432], [439, 440]) 0.6092246770858765
([433, 434, 435], [441]) 0.4518669843673706
([436], [442]) 0.5539194941520691
([437], [443]) 0.51667320728302
([438], [444]) 0.4961836338043213
([439], [445]) 0.4545726180076599
([440], [446]) 0.3076794147491455
([441], [447]) 0.42824214696884155
([442], [448]) 0.46949201822280884
([443, 444, 445, 446], [449]) 0.32077860832214355
([447], [450, 451]) 0.41257229447364807
([448, 449], [452]) 0.4280363619327545
([450, 451], [453]) 0.4068448841571808
([452], [454]) 0.32353338599205017
([453], [455]) 0.4268583357334137
([454], [456]) 0.42344582080841064
([455, 456, 457, 458], [457]) 0.2704772353172302
([459], [458]) 0.30676597356796265
([460], [459]) 0.750967800617218
([461], [460]) 0.40767714381217957
([462], [461]) 0.4461849629878998
([463, 464], [462]) 0.3576216697692871
([465], [463]) 0.4455176889896393
([466], [464]) 0.48878976702690125
([467], [465]) 0.7067344188690186
([468], [466]) 0.3601171374320984
([469], [467]) 0.5595560073852539
([470], [468]) 0.2410917431116104
([471], [469]) 0.5136881470680237
([472], [470]) 0.4343423545360565
([473, 474, 475, 476], [471]) 0.30982211232185364
([477], [472]) 0.17789138853549957
([478], [473]) 0.36616051197052
([479], [474]) 0.7985995411872864
([480], [475]) 0.4068182408809662
([481], [476]) 0.27680134773254395
([482], [477]) 0.5512012839317322
([483], [478]) 0.47616899013519287
([484], [479, 480]) 0.2340024709701538
([485], [481]) 0.37915876507759094
([486], [482]) 0.6434041261672974
([487], [483]) 0.5555275678634644
([488], [484]) 0.6012824177742004
([489], [485]) 0.34967392683029175
([490], [486]) 0.8171294927597046
([491, 492], [487]) 0.3557935655117035
([493], [488]) 0.247184619307518
([494], [489]) 0.3114735186100006
([495], [490]) 0.6713092923164368
([496], [491]) 0.6161566376686096
([497], [492]) 0.6033638715744019
([498], [493]) 0.2762162685394287
([499], [494]) 0.46134451031684875
([500], [495]) 0.7200737595558167
([501], [496]) 0.2566293776035309
([502], [497]) 0.5060359239578247
([503], [498, 499]) 0.5886767506599426
([504], [500]) 0.4783807098865509
([505], [501]) 0.7396726608276367
([506], [502]) 0.8555830717086792
([507], [503]) 0.813620388507843
([508], [504]) 0.6443221569061279
([509], [505]) 0.6012507677078247
([510], [506]) 0.6800969839096069
([511], [507]) 0.4161120653152466
([512], [508, 509]) 0.49077850580215454
([513], [510]) 0.7968555688858032
([514], [511]) 0.8195437788963318
([515, 516, 517], [512]) 0.4819059371948242
