([0, 1], [0]) 0.4331956207752228
([2], [1]) 0.4937736988067627
([3], [2]) 0.5521603226661682
([4], [3]) 0.30103808641433716
([5], [4]) 0.4355525076389313
([6, 7], [5]) 0.5527437925338745
([8, 9, 10, 11, 12, 13, 14], [6]) 0.2766864470073155
([15], [7]) 0.32755351066589355
([16], [8]) 0.2102508395910263
([17], [9, 10, 11]) 0.2669212420781453
([18], [12]) 0.48035016655921936
([19], [13]) 0.35047203302383423
([20, 21, 22, 23], [14]) 0.26152461767196655
([24, 25, 26], [15]) 0.30495824416478473
([27], [16, 17]) 0.3859139680862427
([28], [18]) 0.48024463653564453
([29], [19]) 0.3995509147644043
([30], [20]) 0.3106845021247864
([31], [21]) 0.48726972937583923
([32], [22]) 0.31519293785095215
([33], [23]) 0.46861791610717773
([34], [24]) 0.3164325952529907
([35], [25]) 0.36894491314888
([36], [26]) 0.3420166075229645
([37], [27]) 0.2700161635875702
([38], [28]) 0.4622359871864319
([39], [29, 30]) 0.29466092586517334
([40], [31]) 0.34577250480651855
([41], [32]) 0.2679262161254883
([42], [33]) 0.3880046010017395
([43], [34]) 0.26170164346694946
([44], [35]) 0.2710607349872589
([45], [36]) 0.259963721036911
([46], [37, 38]) 0.2513113021850586
([47], [39]) 0.2844873070716858
([48], [40]) 0.2597365975379944
([49], [41]) 0.300090491771698
([50], [42, 43]) 0.2696239650249481
([51], [44, 45]) 0.3970746397972107
([52], [46]) 0.5285685658454895
([53], [47, 48]) 0.27462273836135864
([54], [49]) 0.286725252866745
([55], [50, 51]) 0.39347851276397705
([56], [52]) 0.2909388542175293
([57], [53, 54]) 0.5877287983894348
([58], [55]) 0.371901273727417
([59], [56]) 0.21436432003974915
([60], [57]) 0.3212909996509552
([61], [58]) 0.2726127505302429
([62], [59, 60]) 0.2793264091014862
([63], [61]) 0.4196591377258301
([64], [62, 63]) 0.5077453255653381
([65], [64]) 0.3301685154438019
([66], [65]) 0.49996277689933777
([67], [66]) 0.31984615325927734
([68], [67]) 0.2922457754611969
([69], [68]) 0.35239169001579285
([70], [69]) 0.5453667044639587
([71], [70, 71]) 0.20950324833393097
([72], [72]) 0.43567952513694763
([73], [73, 74, 75]) 0.4550042947133382
([74], [76]) 0.48274368047714233
([75], [77]) 0.2435334324836731
([76], [78]) 0.35102373361587524
([77], [79, 80]) 0.2170804738998413
([78], [81]) 0.309831440448761
([79], [82]) 0.3123319149017334
([80, 81], [83]) 0.305009663105011
([82], [84]) 0.6902442574501038
([83], [85, 86]) 0.45884644985198975
([84], [87]) 0.3525922894477844
([85], [88]) 0.6067135334014893
([86], [89]) 0.36630961298942566
([87], [90]) 0.25408995151519775
([88], [91, 92, 93]) 0.349861741065979
([89], [94]) 0.24096664786338806
([90], [95]) 0.46383947134017944
([91], [96]) 0.4861648976802826
([92], [97, 98]) 0.3589206337928772
([93], [99]) 0.32424217462539673
([94], [100, 101, 102, 103]) 0.33162736892700195
([95], [104]) 0.48867061734199524
([96], [105, 106]) 0.35521402955055237
([97], [107]) 0.49526485800743103
([98], [108]) 0.3451363742351532
([99], [109]) 0.31141775846481323
([100], [110]) 0.3920075297355652
([101], [111]) 0.4953586161136627
([102], [112]) 0.35806727409362793
([103], [113]) 0.3377586603164673
([104], [114]) 0.43318673968315125
([105], [115]) 0.3007883131504059
([106], [116, 117]) 0.4156063497066498
([107], [118]) 0.40056321024894714
([108, 109, 110], [119]) 0.27972044547398883
([111], [120]) 0.44699087738990784
([112], [121, 122]) 0.3919500708580017
([113], [123]) 0.2669713497161865
([114], [124]) 0.5119199752807617
([115], [125]) 0.3750251829624176
([116], [126]) 0.17839521169662476
([117], [127]) 0.6513611078262329
([118], [128, 129]) 0.46404239535331726
([119], [130]) 0.4445553421974182
([120], [131]) 0.3544889986515045
([121, 122], [132]) 0.37521836161613464
([123], [133]) 0.4137354791164398
([124], [134]) 0.5600218772888184
([125], [135]) 0.2233690470457077
([126], [136]) 0.3939162492752075
([127], [137]) 0.5470114946365356
([128], [138]) 0.2699946463108063
([129], [139]) 0.287774920463562
([130], [140]) 0.36523160338401794
([131], [141]) 0.47405150532722473
([132], [142]) 0.32750576734542847
([133], [143]) 0.5054184794425964
([134], [144]) 0.3172715902328491
([135], [145]) 0.2305961400270462
([136], [146]) 0.392495334148407
([137], [147, 148, 149]) 0.37736014525095624
([138], [150]) 0.28901129961013794
([139, 140], [151]) 0.3201155364513397
([141], [152]) 0.27781108021736145
([142], [153, 154]) 0.3289724588394165
([143], [155]) 0.22681865096092224
([144], [156]) 0.5616331100463867
([145], [157, 158]) 0.33883360028266907
([146], [159]) 0.6160391569137573
([147], [160]) 0.3625325560569763
([148], [161]) 0.27503472566604614
([149], [162]) 0.23211488127708435
([150], [163, 164]) 0.5200825333595276
([151], [165]) 0.46587061882019043
([152], [166]) 0.3351379930973053
([153], [167]) 0.49021947383880615
([154, 155, 156], [168]) 0.27332013845443726
([157], [169]) 0.5195936560630798
([158], [170]) 0.5143284797668457
([159], [171, 172]) 0.3262202739715576
([160, 161], [173]) 0.4016371965408325
([162], [174]) 0.4436628818511963
([163], [175]) 0.5029369592666626
([164], [176]) 0.4999679923057556
([165], [177]) 0.3089476227760315
([166], [178]) 0.767431914806366
([167], [179]) 0.4446491599082947
([168], [180]) 0.23114244639873505
([169, 170], [181]) 0.3120206594467163
([171], [182]) 0.34129804372787476
([172], [183]) 0.7217117547988892
([173], [184]) 0.6159247159957886
([174], [185]) 0.28223976492881775
([175], [186]) 0.528461754322052
([176, 177], [187]) 0.3596755862236023
([178], [188]) 0.4795764982700348
([179, 180], [189]) 0.3148139417171478
([181], [190]) 0.28913483023643494
([182, 183], [191]) 0.38010165095329285
([184], [192]) 0.4679388105869293
([185], [193]) 0.740225613117218
([186, 187], [194]) 0.3990643322467804
([188], [195]) 0.44822394847869873
([189], [196]) 0.39199280738830566
([190], [197]) 0.40061306953430176
([191], [198, 199]) 0.42850324511528015
([192], [200]) 0.6465612649917603
([193], [201]) 0.6520774364471436
([194], [202, 203]) 0.35802507400512695
([195], [204]) 0.25742554664611816
([196, 197], [205]) 0.4057707190513611
([198], [206]) 0.3064754903316498
([199], [207]) 0.17392835021018982
([200], [208]) 0.49987104535102844
([201], [209]) 0.4131779670715332
([202], [210]) 0.44722193479537964
([203], [211, 212]) 0.4829673171043396
([204], [213, 214, 215]) 0.4300349950790405
([205], [216]) 0.5374149084091187
([206], [217]) 0.2739761471748352
([207], [218]) 0.7095246315002441
([208], [219]) 0.26213377714157104
([209], [220]) 0.23373079299926758
([210], [221]) 0.4061248004436493
([211], [222]) 0.30463382601737976
([212], [223]) 0.39079371094703674
([213], [224]) 0.38596561551094055
([214], [225]) 0.3449039161205292
([215, 216], [226]) 0.22870416939258575
([217], [227]) 0.1883334517478943
([218], [228]) 0.39971214532852173
([219], [229]) 0.38153108954429626
([220], [230]) 0.37169620394706726
([221, 222], [231]) 0.49499955773353577
([223], [232, 233]) 0.45122694969177246
([224], [234]) 0.40001994371414185
([225], [235]) 0.4604097902774811
([226], [236]) 0.40934059023857117
([227], [237, 238]) 0.3648957312107086
([228], [239]) 0.44012975692749023
([229], [240]) 0.30320534110069275
([230], [241]) 0.32321301102638245
([231], [242]) 0.40811431407928467
([232], [243, 244]) 0.5337383151054382
([233], [245]) 0.916759192943573
([234], [246]) 0.670201301574707
([235], [247]) 0.31118881702423096
([236], [248]) 0.46596747636795044
([237], [249]) 0.33730849623680115
([238], [250]) 0.49006035923957825
([239], [251]) 0.43044260144233704
([240], [252]) 0.4084732234477997
([241], [253, 254]) 0.4091622829437256
([242], [255]) 0.3496963381767273
([243], [256]) 0.41306477785110474
([244], [257, 258, 259]) 0.3374214172363281
([245], [260, 261]) 0.34969818592071533
([246], [262]) 0.45615100860595703
([247], [263]) 0.2688986361026764
([248], [264]) 0.347829669713974
([249, 250], [265]) 0.4111292064189911
([251, 252, 253], [266]) 0.2513185938199361
([254, 255, 256], [267]) 0.2560318311055501
([257], [268]) 0.4241621196269989
([258], [269]) 0.19033417105674744
([259], [270]) 0.41366949677467346
([260], [271]) 0.5202934145927429
([261], [272]) 0.3393208980560303
([262], [273]) 0.19918128848075867
([263], [274]) 0.29047301411628723
([264], [275]) 0.43683889508247375
([265], [276]) 0.3311842083930969
([266], [277]) 0.4613490700721741
([267], [278, 279]) 0.4801645278930664
([268], [280]) 0.37745916843414307
([269, 270], [281]) 0.3277427852153778
([271], [282]) 0.5276633501052856
([272], [283]) 0.37545713782310486
([273], [284]) 0.31609824299812317
([274], [285]) 0.24180294573307037
([275], [286]) 0.32899367809295654
([276, 277, 278, 279], [287]) 0.272502601146698
([280], [288]) 0.29165011644363403
([281], [289]) 0.39043402671813965
([282], [290]) 0.44674229621887207
([283], [291]) 0.29229307174682617
([284], [292]) 0.27393463253974915
([285], [293]) 0.47182467579841614
([286], [294]) 0.38189899921417236
([287], [295]) 0.32290422916412354
([288], [296]) 0.24249620735645294
([289], [297]) 0.4128824770450592
([290], [298, 299]) 0.3930308222770691
([291], [300]) 0.42461153864860535
([292], [301]) 0.45696091651916504
([293], [302]) 0.2706446349620819
([294], [303]) 0.41270387172698975
([295], [304]) 0.34615325927734375
([296], [305]) 0.25385600328445435
([297], [306]) 0.20239104330539703
([298], [307, 308]) 0.2697896659374237
([299], [309]) 0.33615806698799133
([300], [310]) 0.29443663358688354
([301], [311]) 0.4780785143375397
([302], [312, 313]) 0.3212375342845917
([303], [314]) 0.41626986861228943
([304], [315]) 0.3569796085357666
([305], [316]) 0.45505496859550476
([306], [317]) 0.23425211012363434
([307], [318]) 0.47385749220848083
([308], [319]) 0.44775986671447754
([309], [320]) 0.4512496292591095
([310], [321]) 0.6855159997940063
([311], [322]) 0.34792637825012207
([312], [323]) 0.27457481622695923
([313], [324]) 0.30219995975494385
([314], [325]) 0.31307029724121094
([315], [326]) 0.4830727279186249
([316, 317, 318], [327]) 0.32201604048411053
([319, 320, 321, 322, 323, 324], [328]) 0.48091097672780353
([325, 326, 327, 328], [329]) 0.2797030508518219
([329], [330]) 0.5346340537071228
([330, 331], [331, 332]) 0.25438037514686584
([332], [333]) 0.37928321957588196
([333], [334]) 0.2919056713581085
([334], [335]) 0.20251154899597168
([335], [336]) 0.39465218782424927
([336, 337, 338, 339, 340, 341, 342], [337]) 0.2757482869284494
([343], [338]) 0.2908908724784851
([344], [339]) 0.33452096581459045
([345], [340]) 0.3244786858558655
([346], [341]) 0.5396448969841003
([347, 348], [342]) 0.2730485200881958
([349], [343]) 0.27603432536125183
([350], [344]) 0.45511800050735474
([351], [345]) 0.36866793036460876
([352, 353, 354, 355], [346]) 0.25475049018859863
([356], [347]) 0.4904143512248993
([357], [348]) 0.49215537309646606
([358], [349]) 0.34024977684020996
([359], [350]) 0.5228907465934753
([360], [351]) 0.3614015579223633
([361], [352]) 0.36972129344940186
([362], [353]) 0.34073957800865173
([363], [354]) 0.5077416896820068
([364], [355]) 0.31637078523635864
([365], [356]) 0.43132445216178894
([366], [357]) 0.3486381471157074
([367, 368, 369, 370], [358]) 0.2639760673046112
([371], [359]) 0.4208631217479706
([372], [360]) 0.34668973088264465
([373], [361]) 0.28833335638046265
([374], [362]) 0.4184761643409729
([375], [363]) 0.31433603167533875
([376], [364, 365]) 0.37460896372795105
([377], [366]) 0.3599892556667328
([378], [367, 368]) 0.2277032434940338
([379], [369]) 0.5662291646003723
([380], [370]) 0.32931819558143616
([381], [371]) 0.343068391084671
([382], [372, 373, 374]) 0.34689684708913165
([383], [375]) 0.34500569105148315
([384], [376]) 0.34686070680618286
([385], [377]) 0.31131625175476074
([386], [378]) 0.5842134356498718
([387], [379]) 0.4201362133026123
([388], [380]) 0.5050233602523804
([389], [381]) 0.5914040207862854
([390], [382, 383]) 0.279634565114975
([391], [384]) 0.5331218838691711
([392], [385]) 0.21056483685970306
([393, 394, 395], [386]) 0.3555750846862793
([396], [387]) 0.41735824942588806
([397], [388, 389, 390, 391]) 0.3697572946548462
([398], [392]) 0.26444682478904724
([399], [393]) 0.21642279624938965
([400], [394]) 0.34446433186531067
([401], [395]) 0.4170442521572113
([402], [396]) 0.2667480409145355
([403, 404], [397]) 0.32115909457206726
([405], [398]) 0.22046664357185364
([406], [399]) 0.252494752407074
([407], [400]) 0.28337031602859497
([408], [401]) 0.30804404616355896
([409], [402]) 0.40337997674942017
([410], [403]) 0.3093036413192749
([411], [404]) 0.5608319044113159
([412], [405]) 0.4268375039100647
([413], [406]) 0.5065213441848755
([414], [407]) 0.3045720160007477
([415], [408]) 0.24445375800132751
([416], [409]) 0.31836560368537903
([417], [410]) 0.22332756221294403
([418], [411]) 0.3878646492958069
([419], [412, 413]) 0.48832759261131287
([420], [414, 415]) 0.4278568923473358
([421, 422], [416]) 0.373100221157074
([423], [417]) 0.4227984547615051
([424, 425], [418]) 0.3209828734397888
([426], [419, 420, 421]) 0.3886117140452067
([427], [422]) 0.27450913190841675
([428], [423]) 0.4472757875919342
([429], [424]) 0.3744041323661804
([430], [425]) 0.23127563297748566
([431], [426]) 0.32452234625816345
([432], [427]) 0.22027365863323212
([433], [428]) 0.5359640717506409
([434], [429]) 0.343230664730072
([435], [430]) 0.2620012164115906
([436], [431]) 0.46644455194473267
([437], [432]) 0.23197098076343536
([438], [433, 434, 435]) 0.3250662287076314
([439], [436, 437]) 0.29134246706962585
([440], [438]) 0.5072889924049377
([441], [439, 440]) 0.374223530292511
([442, 443], [441]) 0.395620733499527
([444], [442]) 0.6752697825431824
([445], [443]) 0.43264099955558777
([446], [444]) 0.442740261554718
([447, 448], [445]) 0.33256298303604126
([449, 450], [446]) 0.40016090869903564
([451], [447, 448]) 0.22727960348129272
([452, 453, 454, 455, 456, 457, 458], [449]) 0.24860835075378418
([459], [450]) 0.32309645414352417
([460, 461, 462], [451]) 0.3147289752960205
([463, 464], [452]) 0.4146413505077362
([465, 466], [453]) 0.44186273217201233
([467], [454]) 0.261698454618454
([468], [455]) 0.4126066267490387
([469], [456]) 0.4618151783943176
([470], [457]) 0.28671833872795105
([471], [458, 459]) 0.449835866689682
([472], [460]) 0.3040464222431183
([473], [461]) 0.23741626739501953
([474], [462, 463]) 0.2572934329509735
([475], [464, 465]) 0.22674314677715302
([476], [466, 467]) 0.22450830042362213
([477], [468]) 0.33475854992866516
([478], [469]) 0.13908390700817108
([479], [470]) 0.1570117175579071
([480], [471]) 0.24496988952159882
([481], [472]) 0.18040014803409576
([482], [473]) 0.22043824195861816
([483], [474]) 0.7223857641220093
([484], [475]) 0.3488007187843323
([485], [476]) 0.38482415676116943
([486], [477]) 0.2472303807735443
([487], [478]) 0.2470986396074295
([488], [479]) 0.2415313720703125
([489], [480]) 0.2839236259460449
([490], [481, 482, 483]) 0.1982731819152832
([491], [484]) 0.17053137719631195
([492], [485, 486]) 0.25661346316337585
([493], [487]) 0.3668656647205353
([494], [488]) 0.3275230824947357
([495], [489, 490]) 0.4467450678348541
([496], [491]) 0.13795407116413116
([497], [492]) 0.30144983530044556
([498], [493]) 0.22910359501838684
([499], [494]) 0.22202080488204956
([500, 501], [495]) 0.1928817480802536
([502], [496, 497]) 0.30552610754966736
([503], [498]) 0.2686387300491333
([504], [499]) 0.5324321389198303
([505], [500]) 0.17576423287391663
([506], [501]) 0.5887216329574585
([507], [502, 503]) 0.43261784315109253
([508], [504]) 0.2530561089515686
([509, 510], [505]) 0.32510289549827576
([511], [506]) 0.38046541810035706
([512], [507]) 0.7763638496398926
([513], [508]) 0.5778917074203491
([514], [509, 510]) 0.3635649085044861
([515], [511, 512, 513]) 0.3517837921778361
([516], [514, 515]) 0.38859161734580994
([517], [516]) 0.35789820551872253
([518, 519], [517]) 0.3328152596950531
