([0], [0]) 0.503977358341217
([1], [1]) 0.3384828269481659
([2], [2]) 0.4917815923690796
([3], [3, 4]) 0.5324020385742188
([4], [5]) 0.31704849004745483
([5], [6, 7]) 0.3759038746356964
([6], [8]) 0.35121071338653564
([7], [9]) 0.4598340392112732
([8], [10]) 0.3088047206401825
([9], [11]) 0.41014763712882996
([10], [12]) 0.3987022340297699
([11], [13, 14]) 0.40978050231933594
([12], [15]) 0.4641936421394348
([13], [16, 17]) 0.42606037855148315
([14], [18]) 0.6502437591552734
([15], [19]) 0.44139745831489563
([16], [20, 21]) 0.47526612877845764
([17], [22]) 0.22528626024723053
([18], [23]) 0.4196833670139313
([19], [24]) 0.4877645671367645
([20], [25]) 0.4451129138469696
([21], [26, 27]) 0.29615896940231323
([22], [28, 29, 30]) 0.4217313528060913
([23], [31]) 0.35960128903388977
([24], [32]) 0.40868985652923584
([25], [33, 34]) 0.35878461599349976
([26], [35]) 0.4596526324748993
([27], [36]) 0.4684111773967743
([28], [37]) 0.26696863770484924
([29], [38]) 0.36639297008514404
([30], [39]) 0.4840397238731384
([31], [40]) 0.4462652802467346
([32], [41]) 0.3961959481239319
([33], [42, 43]) 0.4324837028980255
([34], [44]) 0.3556995093822479
([35], [45]) 0.4320722818374634
([36], [46]) 0.5978436470031738
([37], [47]) 0.46051496267318726
([38], [48]) 0.5203839540481567
([39], [49]) 0.5215997099876404
([40], [50]) 0.40658068656921387
([41], [51]) 0.6218735575675964
([42], [52]) 0.37472936511039734
([43], [53, 54, 55]) 0.339073379834493
([44], [56]) 0.6648761034011841
([45], [57]) 0.36749857664108276
([46], [58, 59]) 0.38974127173423767
([47], [60]) 0.5111440420150757
([48], [61, 62]) 0.4825049042701721
([49], [63]) 0.6121084690093994
([50], [64]) 0.7439180016517639
([51], [65]) 0.5658552646636963
([52], [66]) 0.4997004270553589
([53], [67]) 0.48089271783828735
([54, 55], [68]) 0.4352148175239563
([56, 57], [69]) 0.4106833338737488
([58], [70]) 0.5600888133049011
([59], [71]) 0.4610563814640045
([60, 61], [72]) 0.5453127026557922
([62], [73]) 0.6150051951408386
([63, 64], [74]) 0.3415815532207489
([65], [75]) 0.37324753403663635
([66], [76]) 0.381454735994339
([67], [77]) 0.4058143198490143
([68], [78]) 0.5563585162162781
([69], [79]) 0.478243887424469
([70], [80]) 0.5521389842033386
([71], [81]) 0.5745569467544556
([72], [82]) 0.48997241258621216
([73], [83]) 0.593332052230835
([74], [84]) 0.7192709445953369
([75], [85, 86]) 0.6164965629577637
([76], [87]) 0.5047448873519897
([77], [88]) 0.35321933031082153
([78], [89]) 0.5884886980056763
([79], [90]) 0.4132964313030243
([80], [91]) 0.49713823199272156
([81], [92, 93]) 0.5046408176422119
([82], [94, 95]) 0.47959452867507935
([83], [96]) 0.5627714395523071
([84], [97]) 0.5068164467811584
([85], [98, 99]) 0.22001692652702332
([86], [100]) 0.5007715821266174
([87], [101, 102]) 0.3913167417049408
([88], [103]) 0.9616796970367432
([89], [104]) 0.53310227394104
([90], [105]) 0.5774205923080444
([91], [106]) 0.7015585899353027
([92], [107, 108, 109]) 0.28845717509587604
([93], [110]) 0.5700358152389526
([94], [111]) 0.7002611756324768
([95], [112, 113]) 0.49859628081321716
([96], [114]) 0.24953199923038483
([97], [115]) 0.5426087379455566
([98], [116]) 0.6941819190979004
([99, 100], [117]) 0.48764848709106445
([101], [118, 119]) 0.4818924069404602
([102], [120]) 0.46037396788597107
([103], [121]) 0.8260107040405273
([104], [122]) 0.6606037020683289
([105], [123]) 0.7176955342292786
([106], [124]) 0.393655002117157
([107], [125]) 0.2784428894519806
([108], [126]) 0.6883355975151062
([109], [127]) 0.8167811632156372
([110], [128]) 0.5756995677947998
([111], [129]) 0.5845405459403992
([112], [130]) 0.3259827196598053
([113], [131]) 0.44398200511932373
([114], [132]) 0.33850276470184326
([115], [133]) 0.3705861568450928
([116], [134]) 0.5223081707954407
([117], [135]) 0.4864165186882019
([118], [136]) 0.7129180431365967
([119], [137]) 0.8234594464302063
([120], [138]) 0.35342180728912354
([121], [139]) 0.41204512119293213
([122], [140]) 0.41536879539489746
([123], [141]) 0.4848552942276001
([124], [142]) 0.6566064953804016
([125], [143, 144]) 0.55238938331604
([126], [145, 146]) 0.3738356828689575
([127], [147, 148]) 0.36939725279808044
([128], [149]) 0.5427354574203491
([129], [150]) 0.38472655415534973
([130], [151]) 0.3636466860771179
([131], [152]) 0.5863981246948242
([132], [153]) 0.5002767443656921
([133, 134], [154]) 0.4240531325340271
([135], [155]) 0.5923709869384766
([136], [156]) 0.418781578540802
([137], [157]) 0.26140761375427246
([138], [158]) 0.3171708583831787
([139, 140], [159, 160]) 0.3027355670928955
([141], [161]) 0.651705801486969
([142], [162, 163, 164]) 0.49568553765614826
([143], [165]) 0.15863773226737976
([144], [166]) 0.45797663927078247
([145], [167, 168]) 0.3291504383087158
([146], [169]) 0.290710985660553
([147, 148], [170]) 0.36046767234802246
([149], [171]) 0.46657752990722656
([150], [172]) 0.38494202494621277
([151], [173]) 0.7886258363723755
([152], [174]) 0.2780936360359192
([153], [175, 176]) 0.4201955199241638
([154], [177]) 0.6994131207466125
([155], [178]) 0.6376985907554626
([156], [179]) 0.7003241181373596
([157], [180]) 0.5018703937530518
([158], [181]) 0.7416560053825378
([159], [182]) 0.7035568952560425
([160], [183]) 0.5306525826454163
([161], [184]) 0.4574919044971466
([162], [185]) 0.5581910014152527
([163], [186]) 0.62746661901474
([164, 165, 166], [187]) 0.3971720139185588
([167], [188]) 0.44295984506607056
([168], [189]) 0.4797937273979187
([169], [190]) 0.5952145457267761
([170], [191, 192]) 0.45674628019332886
([171], [193]) 0.9115984439849854
([172], [194]) 0.5150758028030396
([173], [195, 196]) 0.5046456456184387
([174], [197]) 0.5307139158248901
([175], [198, 199]) 0.6082664132118225
([176], [200]) 0.7683789730072021
([177], [201, 202]) 0.48642268776893616
([178], [203]) 0.5322505235671997
([179], [204]) 0.6751279234886169
([180], [205]) 0.6125037670135498
([181], [206]) 0.5721535682678223
([182], [207]) 0.6561066508293152
([183], [208]) 0.6267824172973633
([184], [209, 210]) 0.3297234773635864
([185], [211]) 0.5486069321632385
([186], [212]) 0.6725687980651855
([187], [213]) 0.31448912620544434
([188], [214, 215]) 0.3682412803173065
([189, 190], [216]) 0.4662467837333679
([191], [217]) 0.4509647488594055
([192], [218, 219]) 0.23801970481872559
([193], [220, 221]) 0.3263457715511322
([194], [222]) 0.39224889874458313
([195], [223, 224]) 0.43639904260635376
([196], [225]) 0.5604522824287415
([197], [226]) 0.6334156394004822
([198], [227]) 0.38043704628944397
([199], [228]) 0.8868173360824585
([200], [229, 230]) 0.4135523736476898
([201, 202], [231]) 0.4868829548358917
([203], [232]) 0.5726775527000427
([204], [233]) 0.5892383456230164
([205], [234]) 0.6046847105026245
([206], [235, 236]) 0.6086016893386841
([207], [237]) 0.42829060554504395
([208], [238]) 0.6070398688316345
([209], [239]) 0.4867379367351532
([210], [240]) 0.3251434862613678
([211], [241]) 0.3347017467021942
([212, 213], [242]) 0.46040967106819153
([214], [243]) 0.4892348349094391
([215], [244]) 0.699653685092926
([216], [245]) 0.6006351709365845
([217], [246, 247]) 0.4007164239883423
([218], [248]) 0.8393583297729492
([219], [249]) 0.5369792580604553
([220], [250]) 0.5355062484741211
([221], [251]) 0.6525490283966064
([222], [252]) 0.6886752843856812
([223], [253]) 0.5650984048843384
([224], [254]) 0.583965003490448
([225], [255]) 0.6731153726577759
([226], [256]) 0.4722408354282379
([227], [257]) 0.4628545343875885
([228], [258]) 0.4070495665073395
([229], [259, 260, 261, 262, 263]) 0.41281890869140625
([230], [264]) 0.2880493402481079
([231], [265]) 0.38538557291030884
([232], [266]) 0.26416298747062683
([233, 234], [267, 268, 269]) 0.20674186944961548
([235], [270]) 0.27345097064971924
([236], [271]) 0.5079851150512695
([237], [272]) 0.6472386121749878
([238], [273]) 0.3251183032989502
([239], [274]) 0.5175177454948425
([240], [275]) 0.47817155718803406
([241, 242], [276]) 0.5610349774360657
([243], [277]) 0.6355525851249695
([244, 245, 246], [278]) 0.3869205315907796
([247], [279]) 0.7706872820854187
([248], [280]) 0.3386881947517395
([249], [281]) 0.4931221604347229
([250], [282]) 0.3808855414390564
([251], [283]) 0.8057262301445007
([252], [284]) 0.5213566422462463
([253], [285]) 0.5038406252861023
([254], [286]) 0.5321471691131592
([255], [287]) 0.4159497916698456
([256], [288]) 0.7172684073448181
([257], [289]) 0.502737820148468
([258], [290]) 0.5448834896087646
([259], [291]) 0.6305760741233826
([260], [292]) 0.6710494756698608
([261], [293]) 0.4834460914134979
([262], [294, 295]) 0.3159794807434082
([263], [296]) 0.5543010234832764
([264], [297, 298]) 0.37952518463134766
([265], [299]) 0.4377237856388092
([266], [300]) 0.5655184388160706
([267], [301]) 0.452013224363327
([268], [302]) 0.4330025017261505
([269], [303]) 0.6055225729942322
([270], [304]) 0.28441518545150757
([271], [305]) 0.7806412577629089
([272], [306]) 0.5945687890052795
([273], [307]) 0.36670517921447754
([274], [308]) 0.3846862018108368
([275], [309]) 0.9313323497772217
([276], [310]) 0.40681347250938416
([277], [311]) 0.4819009006023407
([278], [312]) 0.4343988299369812
([279], [313, 314]) 0.504909336566925
([280], [315]) 0.6192903518676758
([281], [316]) 0.4896518886089325
([282], [317]) 0.5557222962379456
([283], [318]) 0.3994433581829071
([284], [319]) 0.5054261684417725
([285], [320]) 0.5071680545806885
([286], [321]) 0.24554511904716492
([287], [322, 323]) 0.5214724540710449
([288], [324]) 0.747560441493988
([289], [325]) 0.5171593427658081
([290], [326]) 0.3904150724411011
([291], [327]) 0.5398049354553223
([292], [328]) 0.7433350682258606
([293], [329, 330, 331]) 0.33805493513743085
([294], [332]) 0.6353794932365417
([295], [333]) 0.38002312183380127
([296], [334]) 0.28544163703918457
([297], [335, 336]) 0.38666731119155884
([298], [337]) 0.45749545097351074
([299], [338, 339]) 0.4556578993797302
([300], [340, 341]) 0.5172734260559082
([301], [342, 343]) 0.2940252125263214
([302], [344]) 0.3820696771144867
([303], [345]) 0.47644922137260437
([304], [346, 347]) 0.5674858689308167
([305, 306], [348]) 0.2773081064224243
([307], [349]) 0.5162264704704285
([308], [350]) 0.45996999740600586
([309], [351]) 0.5609497427940369
([310], [352]) 0.3341505229473114
([311], [353, 354]) 0.491058886051178
([312, 313], [355]) 0.46298539638519287
([314], [356]) 0.5312530994415283
([315], [357]) 0.3367331624031067
([316], [358, 359]) 0.3892560601234436
([317], [360]) 0.4235166609287262
([318], [361, 362]) 0.39335715770721436
([319], [363]) 0.5796001553535461
([320], [364]) 0.44096291065216064
([321], [365]) 0.4981172978878021
([322], [366]) 0.6031387448310852
([323], [367]) 0.4223819077014923
([324], [368, 369]) 0.4287385940551758
([325], [370]) 0.5001258254051208
([326], [371]) 0.5475063323974609
([327], [372]) 0.5951241254806519
([328], [373]) 0.4405154287815094
([329], [374]) 0.6607440710067749
([330], [375]) 0.5352027416229248
([331, 332, 333], [376]) 0.579245368639628
([334], [377]) 0.36093270778656006
([335], [378]) 0.40464481711387634
([336], [379]) 0.6260140538215637
([337], [380]) 0.40046828985214233
([338], [381]) 0.5502011775970459
([339], [382]) 0.694599449634552
([340], [383]) 0.3077951967716217
([341], [384]) 0.5360466241836548
([342], [385]) 0.3901482820510864
([343], [386]) 0.4750687777996063
([344, 345], [387]) 0.32966989278793335
([346], [388]) 0.8183091878890991
([347], [389]) 0.5649529695510864
([348], [390]) 0.596609890460968
([349], [391]) 0.7252962589263916
([350], [392]) 0.868122398853302
([351], [393]) 0.29811999201774597
([352], [394, 395]) 0.31639012694358826
([353], [396]) 0.32173728942871094
([354], [397]) 0.24970029294490814
([355], [398]) 0.7138367891311646
([356], [399]) 0.4127669930458069
([357], [400]) 0.46338319778442383
([358], [401]) 0.32774463295936584
([359, 360], [402]) 0.4251349866390228
([361], [403]) 0.9377805590629578
([362], [404, 405]) 0.8978473544120789
([363], [406, 407]) 0.5618235468864441
([364], [408]) 0.36585527658462524
([365], [409]) 0.6612063646316528
([366], [410]) 0.4073283076286316
([367], [411]) 0.3290000855922699
([368], [412]) 0.40111276507377625
([369], [413]) 0.46984395384788513
([370], [414]) 0.3873904347419739
([371], [415]) 0.35263580083847046
([372], [416, 417]) 0.7381197810173035
([373], [418]) 0.9444944262504578
([374], [419]) 1.0896316766738892
