([0], [0]) 0.2955382168292999
([1], [1]) 0.30199068784713745
([2], [2]) 0.18530778586864471
([3], [3]) 0.40026551485061646
([4], [4]) 0.2954776883125305
([5, 6, 7], [5]) 0.38955454031626385
([8], [6]) 0.4951363503932953
([9], [7]) 0.504477858543396
([10], [8]) 0.3695896863937378
([11, 12], [9]) 0.3862696886062622
([13], [10]) 0.4502551257610321
([14], [11]) 0.4172358214855194
([15], [12]) 0.41282495856285095
([16], [13]) 0.43696531653404236
([17], [14]) 0.3512295186519623
([18], [15]) 0.3988395035266876
([19], [16]) 0.3193654716014862
([20], [17]) 0.33221837878227234
([21], [18]) 0.4756819009780884
([22], [19]) 0.32840487360954285
([23], [20]) 0.3927055597305298
([24], [21]) 0.22273625433444977
([25], [22]) 0.43097159266471863
([26], [23]) 0.4951784014701843
([27], [24]) 0.42196762561798096
([28], [25]) 0.6532760262489319
([29], [26]) 0.27191463112831116
([30], [27, 28]) 0.20075623691082
([31], [29]) 0.4570769965648651
([32], [30]) 0.6125131845474243
([33], [31]) 0.705919623374939
([34, 35, 36], [32]) 0.6047714948654175
([37], [33, 34, 35, 36]) 0.5070454478263855
([38], [37]) 0.5535043478012085
([39], [38, 39]) 0.28929540514945984
([40], [40]) 0.3918892741203308
([41], [41]) 0.49539124965667725
([42], [42, 43]) 0.7335863709449768
([43], [44]) 0.5455803275108337
([44], [45]) 0.4667569100856781
([45], [46]) 0.28202128410339355
([46], [47]) 0.39855054020881653
([47], [48, 49]) 0.20494189858436584
([48], [50]) 0.4901624321937561
([49], [51]) 0.4916137456893921
([50], [52]) 0.4271593987941742
([51], [53]) 0.3466322124004364
([52], [54]) 0.59745192527771
([53], [55]) 0.33387982845306396
([54], [56]) 0.5541828274726868
([55], [57]) 0.383619487285614
([56], [58]) 0.3038034737110138
([57, 58], [59]) 0.43477171659469604
([59], [60]) 0.4585501253604889
([60], [61]) 0.46143224835395813
([61, 62], [62]) 0.35454028844833374
([63], [63]) 0.386969655752182
([64], [64, 65]) 0.3893166482448578
([65], [66, 67]) 0.4853116273880005
([66], [68]) 0.450786828994751
([67], [69]) 0.39676326513290405
([68], [70, 71]) 0.3025096654891968
([69], [72, 73]) 0.43480291962623596
([70], [74]) 0.5171889662742615
([71, 72], [75]) 0.4459839165210724
([73], [76, 77]) 0.5063130259513855
([74], [78]) 0.4103596806526184
([75], [79, 80]) 0.417047917842865
([76], [81]) 0.42372071743011475
([77], [82]) 0.40782430768013
([78], [83]) 0.4391757547855377
([79], [84, 85]) 0.38041847944259644
([80], [86, 87, 88, 89, 90, 91]) 0.3581307331720988
([81], [92]) 0.5193148255348206
([82], [93, 94]) 0.3436497449874878
([83], [95]) 0.4253142774105072
([84], [96, 97]) 0.38365140557289124
([85], [98]) 0.3321591913700104
([86], [99]) 0.6583638191223145
([87], [100]) 0.2976561486721039
([88], [101]) 0.3728518486022949
([89], [102]) 0.7595763206481934
([90], [103]) 0.32751837372779846
([91], [104]) 0.3829799294471741
([92], [105]) 0.41138243675231934
([93, 94, 95], [106]) 0.3715619246164958
([96], [107]) 0.28730979561805725
([97], [108]) 0.3842845857143402
([98], [109, 110]) 0.3890964686870575
([99], [111]) 0.6078544855117798
([100], [112, 113]) 0.4164191782474518
([101], [114]) 0.6560928821563721
([102], [115]) 0.4268738329410553
([103], [116]) 0.5418146848678589
([104], [117]) 0.4795907139778137
([105], [118]) 0.5240675210952759
([106], [119]) 0.35844454169273376
([107], [120]) 0.3055216670036316
([108, 109], [121]) 0.33867189288139343
([110], [122]) 0.4786856770515442
([111], [123]) 0.6304752826690674
([112, 113], [124]) 0.4244060814380646
([114], [125]) 0.4767002761363983
([115], [126]) 0.5466549396514893
([116], [127]) 0.23392146825790405
([117], [128]) 0.26161453127861023
([118], [129]) 0.3602294921875
([119], [130]) 0.3427787125110626
([120], [131]) 0.37446749210357666
([121], [132]) 0.5238155722618103
([122], [133]) 0.6013807058334351
([123], [134]) 0.4089401364326477
([124], [135]) 0.15471361577510834
([125], [136]) 0.3750711977481842
([126], [137]) 0.3333530128002167
([127], [138]) 0.42238593101501465
([128], [139]) 0.6149208545684814
([129], [140]) 0.5246559977531433
([130], [141]) 0.3278335928916931
([131], [142, 143]) 0.46807920932769775
([132], [144]) 0.28514713048934937
([133, 134], [145, 146]) 0.23970666527748108
([135], [147]) 0.41128531098365784
([136], [148]) 0.3543386161327362
([137], [149]) 0.4555695354938507
([138], [150]) 0.3156338036060333
([139], [151]) 0.2929818034172058
([140], [152]) 0.4823647439479828
([141], [153]) 0.4176890552043915
([142], [154]) 0.4856082499027252
([143], [155, 156, 157]) 0.4124773343404134
([144, 145], [158]) 0.49323222041130066
([146], [159, 160, 161]) 0.2698793013890584
([147], [162]) 0.7043704986572266
([148], [163]) 0.36908775568008423
([149], [164]) 0.4525831639766693
([150], [165]) 0.3468795716762543
([151], [166]) 0.5124332308769226
([152], [167]) 0.570469319820404
([153], [168, 169]) 0.3327259123325348
([154], [170]) 0.3537716269493103
([155], [171]) 0.4783824682235718
([156], [172]) 0.2359069585800171
([157], [173]) 0.4621126651763916
([158], [174]) 0.44972798228263855
([159], [175]) 0.32500773668289185
([160], [176]) 0.4501122534275055
([161], [177, 178]) 0.5873168706893921
([162], [179]) 0.5014874935150146
([163], [180]) 0.39500418305397034
([164], [181]) 0.49707654118537903
([165], [182]) 0.45961567759513855
([166, 167], [183]) 0.378473699092865
([168], [184]) 0.33075177669525146
([169], [185]) 0.5687099099159241
([170], [186]) 0.48175162076950073
([171], [187]) 0.5707951784133911
([172], [188]) 0.3106069266796112
([173], [189, 190, 191]) 0.36752768357594806
([174], [192]) 0.4138769805431366
([175], [193]) 0.5393428206443787
([176], [194]) 0.5112832188606262
([177], [195]) 0.372045636177063
([178], [196]) 0.39742276072502136
([179], [197]) 0.5982218384742737
([180], [198, 199]) 0.2858954668045044
([181], [200]) 0.5671207904815674
([182], [201]) 0.5887185335159302
([183], [202]) 0.7476178407669067
([184], [203]) 0.3461472690105438
([185], [204]) 0.4765456020832062
([186], [205]) 0.5529923439025879
([187], [206]) 0.4964326322078705
([188], [207]) 0.475758820772171
([189], [208]) 0.45353788137435913
([190], [209]) 0.607008695602417
([191], [210]) 0.5937473177909851
([192], [211]) 0.28906071186065674
([193], [212]) 0.5987259745597839
([194], [213]) 0.4640209376811981
([195], [214]) 0.5681796073913574
([196], [215]) 0.2922589182853699
([197], [216]) 0.6197599172592163
([198], [217]) 0.3691227436065674
([199, 200], [218]) 0.3659638464450836
([201, 202], [219]) 0.4381507933139801
([203], [220]) 0.41647759079933167
([204], [221]) 0.43886518478393555
([205], [222]) 0.36938631534576416
([206], [223, 224]) 0.5120778679847717
([207], [225]) 0.4743730127811432
([208], [226]) 0.3035475015640259
([209], [227]) 0.5710667967796326
([210], [228, 229]) 0.4630959630012512
([211, 212], [230]) 0.5094353556632996
([213], [231]) 0.7119578123092651
([214], [232]) 0.39042916893959045
([215], [233]) 0.36281803250312805
([216], [234]) 0.3463261127471924
([217], [235]) 0.45768773555755615
([218], [236, 237]) 0.3961488604545593
([219], [238]) 0.338656485080719
([220], [239]) 0.3497321307659149
([221], [240]) 0.49855878949165344
([222], [241, 242]) 0.37780696153640747
([223], [243]) 0.36594241857528687
([224], [244]) 0.5461322069168091
([225], [245]) 0.3279876410961151
([226], [246]) 0.43765437602996826
([227], [247]) 0.41184577345848083
([228], [248]) 0.2460845410823822
([229], [249]) 0.6206803321838379
([230], [250]) 0.5556910634040833
([231, 232, 233], [251]) 0.30177682638168335
([234], [252]) 0.371715784072876
([235], [253]) 0.5223320126533508
([236], [254]) 0.6028922200202942
([237], [255]) 0.5487261414527893
([238], [256]) 0.5478526949882507
([239], [257]) 0.3796725571155548
([240], [258]) 0.48551690578460693
([241], [259, 260]) 0.389817476272583
([242], [261]) 0.17023979127407074
([243], [262]) 0.5614239573478699
([244], [263]) 0.4655371308326721
([245], [264]) 0.3895902931690216
([246], [265]) 0.3152385950088501
([247], [266]) 0.44166380167007446
([248], [267]) 0.3506084680557251
([249], [268]) 0.6779145002365112
([250], [269]) 0.4462481439113617
([251, 252], [270]) 0.3070249557495117
([253], [271]) 0.40180644392967224
([254], [272]) 0.45314282178878784
([255], [273]) 0.3569053113460541
([256], [274]) 0.46638092398643494
([257], [275]) 0.6670535802841187
([258], [276]) 0.6563504934310913
([259, 260], [277]) 0.39309927821159363
([261], [278]) 0.4864836633205414
([262], [279]) 0.4317585527896881
([263], [280]) 0.6769898533821106
([264], [281]) 0.39456456899642944
([265], [282]) 0.42323487997055054
([266], [283]) 0.5458213090896606
([267], [284, 285]) 0.38297656178474426
([268], [286]) 0.510124146938324
([269], [287]) 0.47684305906295776
([270], [288]) 0.47730952501296997
([271], [289]) 0.5191474556922913
([272], [290]) 0.3716723918914795
([273], [291]) 0.33420971035957336
([274, 275], [292]) 0.42249906063079834
([276], [293]) 0.4398372173309326
([277], [294]) 0.5546284914016724
([278], [295]) 0.33308982849121094
([279], [296]) 0.4857832193374634
([280], [297]) 0.4193853735923767
([281], [298, 299, 300, 301]) 0.46876537799835205
([282], [302, 303]) 0.33801522850990295
([283], [304, 305]) 0.3500065505504608
([284], [306]) 0.3679981231689453
([285], [307]) 0.2965742349624634
([286], [308]) 0.36363595724105835
([287], [309]) 0.44319936633110046
([288], [310]) 0.5855301022529602
([289], [311]) 0.7615430355072021
([290], [312]) 0.3189113438129425
([291], [313]) 0.36664825677871704
([292], [314]) 0.36896002292633057
([293], [315]) 0.4916591942310333
([294], [316, 317]) 0.5630367994308472
([295], [318]) 0.6350274085998535
([296], [319]) 0.3859594166278839
([297], [320]) 0.4947606325149536
([298], [321, 322, 323, 324, 325]) 0.44768490791320803
([299], [326]) 0.4859333336353302
([300], [327, 328]) 0.43279194831848145
([301], [329, 330, 331]) 0.3643312454223633
([302, 303], [332]) 0.3928777277469635
([304], [333, 334]) 0.4127873182296753
([305], [335]) 0.7881883382797241
([306], [336, 337, 338]) 0.44501423835754395
([307], [339]) 0.4183617830276489
([308], [340]) 0.6804589033126831
([309], [341]) 0.5467534065246582
([310], [342]) 0.542946994304657
([311], [343]) 0.5098718404769897
([312], [344]) 0.560697615146637
([313], [345]) 0.4436374604701996
([314], [346]) 0.5050008893013
([315], [347, 348]) 0.5141034126281738
([316], [349]) 0.515798032283783
([317], [350]) 0.441413938999176
([318], [351]) 0.5836367011070251
([319], [352, 353]) 0.3638251721858978
([320], [354, 355]) 0.47212618589401245
([321], [356, 357]) 0.5901111364364624
([322], [358]) 0.834587812423706
([323], [359]) 0.8589508533477783
([324], [360, 361, 362]) 0.4579452673594157
([325], [363, 364]) 0.5281546711921692
([326], [365, 366]) 0.3246432840824127
([327], [367]) 0.514115571975708
([328], [368]) 0.35796305537223816
([329], [369]) 0.3102535009384155
([330], [370]) 0.42611217498779297
([331], [371]) 0.518116295337677
([332], [372]) 0.3723256587982178
([333], [373, 374]) 0.33723634481430054
([334], [375]) 0.5699982047080994
([335], [376]) 0.563856303691864
([336], [377, 378]) 0.33693331480026245
([337], [379, 380]) 0.40053918957710266
([338], [381, 382]) 0.5018135905265808
([339], [383]) 0.7059647440910339
([340], [384]) 0.5377224087715149
([341], [385]) 0.8301243782043457
([342], [386]) 0.39689117670059204
([343], [387]) 0.3541583716869354
([344], [388]) 0.7080357074737549
([345], [389]) 0.5731931328773499
([346], [390]) 0.4850865602493286
([347], [391]) 0.5010718107223511
([348], [392]) 0.2424411028623581
([349], [393, 394]) 0.6140140295028687
([350], [395]) 0.5248422622680664
([351], [396]) 0.6502911448478699
([352], [397]) 0.40182217955589294
([353, 354], [398]) 0.39363598823547363
([355], [399]) 0.3563593029975891
([356], [400]) 0.31088757514953613
([357], [401]) 0.4763248860836029
([358], [402]) 0.5736598968505859
([359, 360], [403]) 0.35794082283973694
([361], [404]) 0.35378822684288025
([362], [405]) 0.4323200285434723
([363], [406]) 0.32201042771339417
([364], [407]) 0.5226437449455261
([365], [408]) 0.3711872100830078
([366], [409, 410]) 0.5522105097770691
([367], [411]) 0.39921483397483826
([368], [412]) 0.5671482086181641
([369], [413]) 0.5766537189483643
([370], [414]) 0.37199103832244873
([371], [415]) 0.5175718665122986
([372], [416]) 0.3551669120788574
([373], [417]) 0.39332035183906555
([374], [418]) 0.41099777817726135
([375], [419]) 0.5322239995002747
([376], [420]) 0.41334840655326843
([377], [421]) 0.47545507550239563
([378], [422, 423]) 0.24766001105308533
([379], [424]) 0.6782925724983215
([380], [425, 426, 427]) 0.33499737580617267
([381], [428]) 0.6601266860961914
([382], [429]) 0.686324954032898
([383], [430]) 0.4485800564289093
([384], [431, 432]) 0.407331258058548
([385], [433]) 0.3932928144931793
([386], [434]) 0.41984865069389343
([387], [435]) 0.6193732619285583
([388], [436]) 0.4094488024711609
([389], [437]) 0.6224843859672546
([390], [438]) 0.5182847380638123
([391], [439]) 0.7693672776222229
([392], [440]) 0.4685029983520508
([393], [441]) 0.418154776096344
([394], [442]) 0.44839590787887573
([395], [443]) 0.5024341940879822
([396], [444]) 0.6368809938430786
([397], [445]) 0.5604401230812073
([398], [446]) 0.31785324215888977
([399], [447, 448, 449, 450, 451]) 0.3747184991836548
([400], [452, 453]) 0.3822137415409088
([401], [454]) 0.6533545255661011
([402], [455]) 0.44254985451698303
([403], [456]) 0.4303339123725891
([404], [457]) 0.3527504801750183
([405], [458]) 0.3366602063179016
([406], [459]) 0.3410165011882782
([407], [460]) 0.5800387859344482
([408], [461]) 0.43078017234802246
([409], [462]) 0.4447881877422333
([410], [463]) 0.33160048723220825
([411], [464, 465]) 0.4100709557533264
([412], [466]) 0.5392555594444275
([413], [467]) 0.3986241817474365
([414], [468, 469]) 0.3365040123462677
([415], [470]) 0.29635271430015564
([416, 417], [471, 472]) 0.2102203071117401
([418], [473]) 0.82139652967453
([419], [474]) 0.33316120505332947
([420], [475]) 0.38375556468963623
([421, 422, 423, 424], [476]) 0.24118547141551971
([425], [477, 478, 479]) 0.3680247863133748
([426, 427], [480]) 0.5039153099060059
([428], [481]) 0.46253180503845215
([429], [482]) 0.5501503348350525
([430], [483]) 0.5421604514122009
([431, 432], [484]) 0.4533537030220032
([433], [485]) 0.2482152134180069
([434], [486, 487]) 0.42455074191093445
([435, 436], [488]) 0.472932368516922
([437], [489]) 0.8321760296821594
([438, 439], [490]) 0.3826708495616913
([440], [491]) 0.31724676489830017
([441], [492]) 0.5320293307304382
([442], [493]) 0.513683557510376
([443, 444], [494, 495, 496]) 0.2821192542711894
([445], [497]) 0.286794513463974
([446], [498]) 0.5143572092056274
([447], [499]) 0.5663335919380188
([448], [500]) 0.47786837816238403
([449], [501]) 0.5066543221473694
([450], [502]) 0.5161007046699524
([451], [503]) 0.5029972791671753
([452], [504]) 0.34524938464164734
([453], [505]) 0.4180147349834442
([454], [506]) 0.3405354619026184
([455], [507, 508]) 0.4638030230998993
([456], [509]) 0.3804199695587158
([457, 458], [510]) 0.4430902600288391
([459], [511]) 0.46897947788238525
([460], [512]) 0.2519892156124115
([461], [513]) 0.3124382495880127
([462], [514]) 0.4291926920413971
([463], [515]) 0.407840371131897
([464], [516]) 0.3142488896846771
([465], [517]) 0.2660635709762573
([466], [518]) 0.7121231555938721
([467], [519]) 0.23315046727657318
([468], [520]) 0.3465465307235718
([469], [521]) 0.17849555611610413
([470], [522]) 0.2250777930021286
([471], [523]) 0.25992661714553833
([472], [524]) 0.2878217101097107
([473], [525]) 0.268413245677948
([474], [526]) 0.3641664683818817
([475], [527]) 0.6310093998908997
([476, 477], [528]) 0.371772438287735
([478], [529]) 0.3119300305843353
([479], [530]) 0.3552972972393036
([480], [531]) 0.5845861434936523
([481], [532]) 0.49346157908439636
([482], [533]) 0.4205503761768341
([483], [534]) 0.41541072726249695
([484, 485], [535]) 0.2721499800682068
([486, 487, 488], [536]) 0.5053521394729614
([489], [537]) 0.4959396719932556
([490], [538]) 0.39584431052207947
([491], [539]) 0.4634702503681183
([492], [540]) 0.39261433482170105
([493], [541]) 0.4163171350955963
([494], [542]) 0.4121060371398926
([495], [543]) 0.40375855565071106
([496], [544]) 0.2675224542617798
([497], [545]) 0.48547637462615967
([498], [546]) 0.38460537791252136
([499], [547]) 0.4221648871898651
([500], [548]) 0.3167721629142761
([501], [549, 550]) 0.46743351221084595
([502], [551]) 0.2431725710630417
([503], [552]) 0.36420342326164246
([504], [553]) 0.28751397132873535
([505], [554]) 0.38950279355049133
([506], [555]) 0.404691219329834
([507], [556]) 0.3418668508529663
([508], [557]) 0.6351728439331055
([509], [558]) 0.3076804578304291
([510], [559, 560]) 0.34429022669792175
([511], [561]) 0.43272021412849426
([512], [562]) 0.2880513072013855
([513], [563, 564]) 0.38854098320007324
([514], [565]) 0.197220116853714
([515], [566]) 0.5326037406921387
([516], [567]) 0.2891436815261841
([517], [568]) 0.5942720770835876
([518], [569]) 0.27209997177124023
([519], [570]) 0.3630298376083374
([520], [571]) 0.3683279752731323
([521], [572]) 0.32642385363578796
([522], [573]) 0.27980175614356995
([523], [574]) 0.7403075098991394
([524], [575]) 0.3511178195476532
([525], [576]) 0.4545362889766693
([526], [577]) 0.45616355538368225
([527], [578]) 0.4849843382835388
([528], [579]) 0.4717784523963928
([529], [580]) 0.5597260594367981
([530], [581]) 0.43427783250808716
([531], [582]) 0.6268371343612671
([532], [583]) 0.3566719889640808
([533], [584]) 0.45923879742622375
([534], [585]) 0.4300301671028137
([535], [586, 587, 588]) 0.3734384775161743
([536], [589]) 0.6508774757385254
([537], [590]) 0.35761237144470215
([538], [591]) 0.4108899235725403
([539], [592]) 0.27090439200401306
([540], [593]) 0.4202241897583008
([541], [594]) 0.5602904558181763
([542], [595, 596]) 0.5652117133140564
([543], [597]) 0.44604626297950745
([544], [598]) 0.6162375211715698
([545], [599]) 0.3650754690170288
([546], [600, 601]) 0.4771299660205841
([547], [602, 603]) 0.3356900215148926
([548], [604]) 0.42094799876213074
([549], [605]) 0.2877018451690674
([550], [606]) 0.7062151432037354
([551], [607, 608]) 0.39914369583129883
([552, 553], [609]) 0.5020682215690613
([554], [610]) 0.3053832948207855
([555], [611]) 0.4854869544506073
([556], [612]) 0.3184581995010376
([557], [613, 614]) 0.2048783004283905
([558], [615]) 0.4172832667827606
([559], [616, 617, 618]) 0.2990683714548747
([560], [619]) 0.15314814448356628
([561], [620]) 0.3852900564670563
([562], [621, 622]) 0.203778475522995
([563], [623]) 0.2805531322956085
([564], [624]) 0.3313197195529938
([565], [625]) 0.2758502960205078
([566, 567], [626]) 0.22998102009296417
([568], [627]) 0.23147942125797272
([569], [628]) 0.18967962265014648
([570], [629]) 0.3403066098690033
([571, 572], [630]) 0.30933302640914917
([573], [631]) 0.3105238974094391
([574], [632]) 0.4962897300720215
([575], [633]) 0.17144402861595154
([576], [634]) 0.45421725511550903
([577], [635]) 0.3184143900871277
([578], [636]) 0.5501874089241028
([579], [637, 638, 639]) 0.39769033590952557
([580, 581], [640]) 0.4138204753398895
([582], [641]) 0.3088887631893158
([583], [642]) 0.44035184383392334
([584], [643]) 0.3484262526035309
([585], [644]) 0.2283383309841156
([586], [645]) 0.3138637840747833
([587], [646]) 0.16736158728599548
([588], [647]) 0.29525983333587646
([589], [648]) 0.3092799186706543
([590], [649]) 0.22042562067508698
([591], [650]) 0.2033153623342514
([592], [651]) 0.4257339537143707
([593, 594], [652]) 0.4979417026042938
([595], [653]) 0.29180458188056946
([596], [654]) 0.5303524136543274
([597], [655, 656, 657, 658]) 0.4088050127029419
([598], [659]) 0.597456693649292
([599], [660]) 0.35343578457832336
([600], [661]) 0.2771719694137573
([601], [662]) 0.2250683456659317
([602], [663, 664, 665]) 0.3601045608520508
([603], [666]) 0.3203582465648651
([604], [667]) 0.33276650309562683
([605], [668]) 0.3683663308620453
([606], [669]) 0.4695938229560852
([607], [670]) 0.42897969484329224
([608], [671]) 0.37311381101608276
([609], [672]) 0.4402274489402771
([610], [673]) 0.4003726541996002
([611], [674]) 0.38225361704826355
([612], [675]) 0.5979931354522705
([613], [676]) 0.30667632818222046
([614], [677]) 0.3710661232471466
([615], [678]) 0.3928064703941345
([616], [679, 680]) 0.3630884885787964
([617], [681]) 0.4326488673686981
([618], [682]) 0.3314707577228546
([619], [683]) 0.39330264925956726
([620], [684, 685]) 0.49324101209640503
([621], [686]) 0.33178576827049255
([622], [687]) 0.708142876625061
([623], [688]) 0.3930101692676544
([624], [689]) 0.46305418014526367
([625], [690]) 0.3599480390548706
([626, 627], [691]) 0.39068368077278137
([628], [692]) 0.3522511124610901
([629], [693]) 0.3311627209186554
([630], [694]) 0.20210376381874084
([631], [695]) 0.22123666107654572
([632], [696]) 0.2784229516983032
([633], [697]) 0.31101688742637634
([634], [698]) 0.2714404761791229
([635], [699]) 0.24326734244823456
([636], [700]) 0.3138861656188965
([637, 638], [701]) 0.3087231516838074
([639], [702]) 0.26386553049087524
([640], [703]) 0.2805682420730591
([641], [704]) 0.1845417469739914
([642], [705]) 0.40846017003059387
([643], [706]) 0.4552614688873291
([644], [707]) 0.32070887088775635
([645], [708]) 0.39242056012153625
([646], [709]) 0.30669966340065
([647], [710]) 0.5477979779243469
([648], [711]) 0.3659907877445221
([649], [712]) 0.31330928206443787
([650], [713]) 0.3866090774536133
([651, 652], [714]) 0.25086885690689087
([653], [715]) 0.32328253984451294
([654], [716]) 0.40504151582717896
([655], [717]) 0.3096616268157959
([656], [718]) 0.3391976058483124
([657], [719, 720]) 0.365970253944397
([658], [721]) 0.3366447985172272
([659], [722, 723]) 0.241703599691391
([660], [724]) 0.4583720266819
([661], [725]) 0.3522087633609772
([662], [726]) 0.25213882327079773
([663], [727]) 0.33568617701530457
([664], [728]) 0.34072691202163696
([665], [729]) 0.22771455347537994
([666], [730]) 0.3493001163005829
([667], [731]) 0.49107322096824646
([668], [732]) 0.43702641129493713
([669], [733]) 0.30766749382019043
([670], [734]) 0.479067862033844
([671], [735, 736]) 0.3135337233543396
([672], [737]) 0.5950943827629089
([673], [738]) 0.3521355986595154
([674], [739]) 0.2961514890193939
([675, 676], [740]) 0.3106786012649536
([677, 678], [741]) 0.25785624980926514
([679], [742, 743]) 0.4175853729248047
([680, 681], [744]) 0.2136097103357315
([682, 683], [745]) 0.31839945912361145
([684, 685], [746]) 0.25038257241249084
([686], [747]) 0.4851429760456085
([687, 688, 689, 690], [748]) 0.24571660161018372
([691, 692], [749]) 0.29035139083862305
([693, 694], [750]) 0.2556140720844269
([695], [751]) 0.4017427861690521
([696], [752]) 0.36699795722961426
([697], [753, 754]) 0.3489752411842346
([698], [755, 756]) 0.37727054953575134
([699], [757, 758, 759, 760]) 0.3499884009361267
([700], [761, 762, 763, 764, 765, 766]) 0.2512418230374654
([701], [767]) 0.5069488286972046
([702], [768]) 0.578341543674469
([703], [769, 770, 771, 772, 773, 774]) 0.3990704615910848
([704], [775]) 0.7302720546722412
([705], [776]) 0.506318986415863
([706], [777]) 0.7960217595100403
([707], [778]) 0.3305525779724121
([708], [779]) 0.4051418602466583
([709], [780]) 0.5656973123550415
([710], [781]) 0.5360404253005981
([711], [782]) 0.5570704936981201
([712], [783]) 0.408286988735199
([713], [784, 785]) 0.4305605888366699
([714], [786, 787]) 0.4790814220905304
([715], [788]) 0.5464830994606018
([716], [789]) 0.3003022074699402
([717], [790]) 0.5560466647148132
([718, 719], [791]) 0.4031459093093872
