([0], [0, 1]) 0.5489200353622437
([1], [2]) 0.5980008244514465
([2], [3]) 0.909895658493042
([3], [4]) 0.3149496912956238
([4], [5]) 0.4495481848716736
([5], [6, 7]) 0.31674817204475403
([6], [8]) 0.4527870714664459
([7], [9, 10]) 0.5294727087020874
([8], [11]) 0.7364011406898499
([9], [12]) 0.4715134799480438
([10], [13]) 0.3037836253643036
([11], [14]) 0.4198882281780243
([12], [15]) 0.4147396981716156
([13], [16, 17]) 0.36864155530929565
([14], [18]) 0.3818608820438385
([15], [19]) 0.4167955219745636
([16], [20]) 0.4866645336151123
([17], [21]) 0.2888408899307251
([18], [22]) 0.396233469247818
([19], [23]) 0.3829471468925476
([20], [24]) 0.5809867978096008
([21], [25]) 0.626937985420227
([22], [26, 27]) 0.5299476385116577
([23], [28]) 0.5245522260665894
([24], [29]) 0.961228609085083
([25], [30, 31]) 0.3911767899990082
([26, 27, 28], [32]) 0.40573954582214355
([29], [33]) 0.22184792160987854
([30], [34]) 0.7042391300201416
([31], [35]) 0.33486446738243103
([32, 33], [36]) 0.4271288216114044
([34], [37, 38]) 0.3570386469364166
([35], [39]) 0.6414222121238708
([36], [40, 41]) 0.3958844840526581
([37], [42]) 0.5196450352668762
([38], [43]) 0.42240726947784424
([39], [44]) 0.2669347822666168
([40], [45]) 0.6330569982528687
([41], [46]) 0.4048488736152649
([42], [47]) 0.32450395822525024
([43], [48]) 0.3078877031803131
([44], [49]) 0.3889618217945099
([45], [50]) 0.3492825925350189
([46], [51]) 0.4093964695930481
([47], [52]) 0.6546539068222046
([48], [53]) 0.44338592886924744
([49], [54, 55]) 0.6242789626121521
([50], [56]) 0.6396229863166809
([51], [57]) 0.555967390537262
([52], [58]) 0.4667990505695343
([53], [59, 60]) 0.3100501000881195
([54], [61]) 0.6703445911407471
([55, 56, 57], [62]) 0.3354811668395996
([58], [63]) 0.3688720762729645
([59], [64]) 0.3202382028102875
([60], [65, 66]) 0.4068162143230438
([61], [67]) 0.41572457551956177
([62], [68]) 0.3664904832839966
([63], [69]) 0.4057392179965973
([64], [70]) 0.298453152179718
([65], [71]) 0.3947649896144867
([66], [72]) 0.5757789611816406
([67], [73]) 0.3971881866455078
([68], [74]) 0.5280898213386536
([69], [75]) 0.2530497610569
([70], [76]) 0.5219061970710754
([71], [77, 78]) 0.3949263095855713
([72], [79]) 0.46901607513427734
([73], [80]) 0.48023009300231934
([74], [81]) 0.2752300798892975
([75], [82]) 0.3601318597793579
([76], [83, 84, 85]) 0.2880434989929199
([77], [86, 87]) 0.3591552972793579
([78], [88, 89]) 0.27381977438926697
([79], [90]) 0.28606924414634705
([80], [91, 92]) 0.3894764482975006
([81], [93]) 0.3862950801849365
([82], [94]) 0.3699395954608917
([83], [95]) 0.31582310795783997
([84], [96]) 0.2829728424549103
([85], [97]) 0.4474116563796997
([86], [98]) 0.3736380934715271
([87, 88], [99]) 0.41600319743156433
([89, 90], [100]) 0.32481932640075684
([91], [101, 102]) 0.3829329013824463
([92, 93], [103]) 0.40702560544013977
([94], [104]) 0.624384880065918
([95], [105, 106]) 0.38728222250938416
([96], [107]) 0.43196266889572144
([97], [108]) 0.36762312054634094
([98], [109]) 0.315826952457428
([99], [110]) 0.5638110637664795
([100], [111]) 0.4342723786830902
([101], [112]) 0.20859330892562866
([102], [113]) 0.2398267537355423
([103], [114]) 0.25692078471183777
([104], [115, 116]) 0.44844192266464233
([105], [117]) 0.5309643149375916
([106], [118]) 0.2663728594779968
([107], [119]) 0.6285998821258545
([108], [120]) 0.3618663549423218
([109], [121, 122]) 0.5096874237060547
([110], [123]) 0.5349664092063904
([111], [124, 125, 126]) 0.5232418775558472
([112, 113], [127]) 0.33958807587623596
([114], [128]) 0.4595900774002075
([115], [129]) 0.3821853995323181
([116], [130]) 0.2715020477771759
([117], [131]) 0.4226972758769989
([118, 119], [132]) 0.44297006726264954
([120], [133]) 0.3541199862957001
([121], [134]) 0.4370643198490143
([122], [135]) 0.42381641268730164
([123], [136]) 0.2751559317111969
([124], [137]) 0.10417607426643372
([125], [138]) 0.2319520264863968
([126], [139]) 0.2128111869096756
([127], [140]) 0.3088800013065338
([128], [141]) 0.5129140019416809
([129], [142, 143]) 0.29910755157470703
([130], [144]) 0.40864628553390503
([131], [145]) 0.32119476795196533
([132], [146]) 0.37211596965789795
([133], [147]) 0.5083741545677185
([134], [148]) 0.421541303396225
([135], [149]) 0.5746791958808899
([136], [150]) 0.6357967853546143
([137], [151]) 0.4403787851333618
([138], [152]) 0.5162658095359802
([139], [153]) 0.49928560853004456
([140], [154]) 0.3677290678024292
([141, 142], [155]) 0.3791670501232147
([143], [156, 157]) 0.27596578001976013
([144], [158]) 0.7658889293670654
([145], [159]) 0.37942057847976685
([146], [160]) 0.5213839411735535
([147], [161, 162]) 0.2898225784301758
([148], [163]) 0.53665691614151
([149], [164, 165]) 0.5492120385169983
([150], [166]) 0.4859067499637604
([151, 152], [167]) 0.27215027809143066
([153], [168]) 0.25341954827308655
([154], [169]) 0.7689537405967712
([155], [170]) 0.619820237159729
([156], [171]) 0.38157710433006287
([157], [172]) 0.6326428651809692
([158], [173, 174]) 0.49087098240852356
([159], [175]) 0.4254360795021057
([160], [176]) 0.3431103229522705
([161], [177, 178]) 0.3053438365459442
([162], [179]) 0.2260696142911911
([163], [180]) 0.33107009530067444
([164], [181]) 0.40645653009414673
([165], [182]) 0.6036810278892517
([166], [183]) 0.4480467438697815
([167], [184]) 0.4719703793525696
([168], [185]) 0.6234017610549927
([169], [186]) 0.38548168540000916
([170], [187, 188]) 0.37564828991889954
([171], [189]) 0.738303005695343
([172], [190]) 0.4869464635848999
([173, 174], [191]) 0.34975215792655945
([175], [192]) 0.30239441990852356
([176, 177], [193]) 0.2863571345806122
([178], [194]) 0.3376469910144806
([179], [195]) 0.3585021495819092
([180], [196]) 0.3535821735858917
([181, 182], [197]) 0.41058292984962463
([183], [198]) 0.38333943486213684
([184, 185], [199]) 0.2668437659740448
([186], [200, 201]) 0.42858633399009705
([187], [202]) 0.4784143269062042
([188], [203, 204, 205]) 0.33283092578252155
([189, 190], [206]) 0.4923018217086792
([191], [207]) 0.5493500828742981
([192], [208]) 0.5145962238311768
([193], [209]) 0.42321300506591797
([194], [210, 211]) 0.3571247458457947
([195], [212]) 0.25764331221580505
([196], [213]) 0.3246772289276123
([197, 198], [214]) 0.41767120361328125
([199], [215]) 0.19845940172672272
([200], [216, 217]) 0.22666627168655396
([201], [218]) 0.5802270174026489
([202, 203], [219]) 0.20442228019237518
([204], [220]) 0.5166783928871155
([205], [221]) 0.3125845491886139
([206], [222]) 0.5354980826377869
([207], [223]) 0.44739392399787903
([208], [224]) 0.4742066562175751
([209], [225]) 0.47503265738487244
([210], [226]) 0.42472097277641296
([211, 212], [227]) 0.48637980222702026
([213], [228]) 0.33931440114974976
([214, 215], [229]) 0.20972847938537598
([216], [230]) 0.42930448055267334
([217], [231]) 0.49896928668022156
([218], [232]) 0.6579486727714539
([219], [233]) 0.3467808961868286
([220], [234]) 0.40291768312454224
([221], [235, 236, 237]) 0.35804704825083417
([222], [238]) 0.7932397723197937
([223], [239]) 0.5962539315223694
([224], [240]) 0.6419973373413086
([225], [241]) 0.7595558166503906
([226], [242]) 0.5844354033470154
([227], [243]) 0.47318270802497864
([228], [244]) 0.46045374870300293
([229], [245]) 0.5299871563911438
([230], [246, 247]) 0.49355655908584595
([231], [248]) 0.27932944893836975
([232], [249]) 0.5090101361274719
([233], [250]) 0.567642867565155
([234], [251]) 0.4817672073841095
([235], [252]) 0.6446356773376465
([236], [253]) 0.5399628281593323
([237], [254]) 0.5264463424682617
([238], [255]) 0.4772506356239319
([239], [256]) 0.4928658604621887
([240], [257]) 0.5048278570175171
([241], [258]) 0.5803971886634827
([242], [259]) 0.5745468735694885
([243], [260]) 0.49297967553138733
([244], [261]) 0.530926525592804
([245], [262]) 0.3845444321632385
([246], [263, 264]) 0.3382907807826996
([247], [265, 266]) 0.4209023118019104
([248], [267]) 0.38667190074920654
([249], [268, 269]) 0.37804654240608215
([250], [270]) 0.2797066867351532
([251], [271]) 0.3804166913032532
([252], [272]) 0.300517737865448
([253], [273]) 0.5291826725006104
([254], [274]) 0.4020169675350189
([255], [275]) 0.421475350856781
([256], [276, 277]) 0.5184221863746643
([257], [278]) 0.6235864162445068
([258], [279]) 0.2656840682029724
([259], [280, 281]) 0.4177379608154297
([260], [282]) 0.5794238448143005
([261], [283]) 0.5038427114486694
([262, 263], [284]) 0.5342211723327637
([264], [285]) 0.44349896907806396
([265], [286]) 0.3865901827812195
([266], [287, 288]) 0.3912977874279022
([267], [289]) 0.6891164183616638
([268], [290]) 0.5406343936920166
([269], [291, 292]) 0.5948345065116882
([270], [293]) 0.7222611308097839
([271], [294]) 0.48114365339279175
([272], [295, 296, 297]) 0.6131447950998942
([273], [298]) 0.5639849901199341
([274], [299]) 0.3956942856311798
([275], [300]) 0.5948814749717712
([276], [301]) 0.5587928891181946
([277], [302]) 0.34730806946754456
([278], [303]) 0.6480312943458557
([279], [304]) 0.5037657618522644
([280], [305]) 0.5649906992912292
([281], [306]) 0.8624382019042969
([282], [307]) 0.2765865921974182
([283], [308, 309]) 0.5597099661827087
([284], [310]) 0.5690739750862122
([285], [311]) 0.49591755867004395
([286], [312]) 0.7137187719345093
([287], [313]) 0.5531519651412964
([288], [314]) 0.878071129322052
([289], [315, 316]) 0.3990013301372528
([290], [317]) 0.43269824981689453
([291], [318]) 0.36610147356987
([292], [319]) 0.5457611083984375
([293], [320]) 0.46964120864868164
([294], [321]) 0.7584937214851379
([295], [322]) 0.5043154358863831
([296], [323, 324]) 0.46201613545417786
([297], [325]) 0.6125332713127136
([298], [326]) 0.7393143773078918
([299], [327]) 0.3587179481983185
([300], [328, 329]) 0.45399823784828186
([301], [330]) 0.5723755955696106
([302], [331]) 0.35644450783729553
([303], [332, 333]) 0.5114557147026062
([304], [334, 335]) 0.3978705108165741
([305], [336]) 0.3974669277667999
([306], [337]) 0.40326857566833496
([307], [338]) 0.441249817609787
([308], [339]) 0.8747589588165283
([309], [340]) 0.6545971632003784
([310], [341]) 0.6824161410331726
([311], [342, 343]) 0.5839478969573975
([312], [344]) 0.9001153111457825
([313], [345]) 0.436419278383255
([314], [346]) 0.2730756998062134
([315], [347, 348]) 0.48182347416877747
([316], [349]) 0.43404579162597656
([317], [350]) 0.536718487739563
([318], [351]) 0.5140382647514343
([319], [352, 353]) 0.48640403151512146
([320], [354]) 0.37576091289520264
([321], [355]) 0.6636613607406616
([322], [356]) 0.5752790570259094
([323], [357]) 0.4562048316001892
([324], [358]) 0.4220680892467499
([325], [359]) 0.43185916543006897
([326], [360]) 0.4654378294944763
([327], [361]) 0.5654325485229492
([328], [362]) 0.477353572845459
([329], [363]) 0.4842425584793091
([330], [364]) 0.5925739407539368
([331], [365]) 0.3178325891494751
([332], [366]) 0.3614926338195801
([333], [367]) 0.3791806995868683
([334], [368]) 0.42467325925827026
([335], [369]) 0.6138310432434082
([336], [370]) 0.6230397820472717
([337], [371]) 0.44794315099716187
([338], [372]) 0.4981953501701355
([339], [373]) 0.7128778100013733
([340], [374]) 0.6504983901977539
([341], [375]) 0.5294365286827087
([342], [376]) 0.33877232670783997
([343], [377, 378]) 0.3477814793586731
([344], [379]) 0.5408964157104492
([345], [380]) 0.5241727232933044
([346], [381]) 0.4250265657901764
([347], [382]) 0.6685050129890442
([348], [383]) 0.5458089709281921
([349], [384, 385]) 0.44443294405937195
([350], [386]) 0.2964519262313843
([351], [387]) 0.5408748388290405
([352], [388]) 0.4316248893737793
([353], [389]) 0.6075649261474609
([354], [390, 391]) 0.3566332757472992
([355], [392, 393]) 0.5240931510925293
([356], [394]) 0.5947334170341492
([357], [395]) 0.42551109194755554
([358], [396]) 0.3790035843849182
([359], [397]) 0.5142496228218079
([360], [398]) 0.687370777130127
([361], [399]) 0.6590122580528259
([362], [400]) 0.58424973487854
([363], [401]) 0.5123425126075745
([364], [402]) 0.4752545952796936
([365], [403]) 0.47445616126060486
([366], [404, 405]) 0.4290843605995178
([367], [406]) 0.4216625392436981
([368], [407]) 0.4418987035751343
([369], [408]) 0.4951367676258087
([370], [409]) 0.6331993937492371
([371], [410]) 0.3752840459346771
([372], [411]) 0.5961220264434814
([373], [412, 413]) 0.5450596213340759
([374], [414]) 0.640055239200592
([375], [415]) 0.36733728647232056
([376], [416]) 0.5486393570899963
([377], [417]) 0.4796217381954193
([378], [418, 419]) 0.39410707354545593
([379], [420]) 0.323885053396225
([380], [421]) 0.58522629737854
([381], [422, 423]) 0.38175880908966064
([382], [424]) 0.3059694468975067
([383], [425]) 0.2617169916629791
([384], [426]) 0.31946226954460144
([385, 386], [427]) 0.3674662411212921
([387], [428, 429]) 0.3505094647407532
([388], [430]) 0.5421320199966431
([389], [431]) 0.38943126797676086
([390], [432]) 0.535098135471344
([391], [433, 434]) 0.3889073133468628
([392], [435]) 0.4391579031944275
([393], [436]) 0.6622745394706726
([394], [437]) 0.3777807354927063
([395], [438]) 0.8534289598464966
([396], [439]) 0.9103531837463379
([397], [440]) 0.3364015519618988
([398], [441]) 0.5495009422302246
([399], [442, 443]) 0.3608155846595764
([400, 401], [444]) 0.49909064173698425
([402], [445]) 0.7608839869499207
([403], [446]) 0.6903521418571472
([404], [447]) 0.5245813727378845
([405], [448]) 0.4308876395225525
([406], [449]) 0.33086612820625305
([407], [450, 451]) 0.6051409244537354
([408], [452]) 0.6111281514167786
([409], [453]) 0.4173855483531952
([410], [454]) 0.5508596897125244
([411], [455]) 0.5069074630737305
([412], [456]) 0.49421972036361694
([413], [457]) 0.6529507040977478
([414], [458]) 0.5125656723976135
([415], [459]) 0.6315442323684692
([416], [460]) 0.8495915532112122
([417], [461, 462]) 0.3633989989757538
([418], [463]) 0.48651009798049927
([419], [464]) 0.7332766652107239
([420], [465]) 0.5849400758743286
([421], [466]) 0.6282783150672913
([422], [467]) 0.5769718289375305
([423], [468]) 0.4011199474334717
([424], [469]) 0.9556175470352173
([425], [470]) 0.4406602084636688
([426], [471]) 0.37022870779037476
([427], [472]) 0.9008395671844482
([428], [473]) 0.3929452896118164
([429], [474]) 0.535415530204773
([430], [475, 476]) 0.44188371300697327
([431], [477]) 0.5324809551239014
([432], [478]) 0.4377868175506592
([433], [479]) 0.35313212871551514
([434], [480]) 0.317726731300354
([435], [481]) 0.24193702638149261
([436], [482]) 0.6990259289741516
([437], [483]) 0.34011247754096985
([438, 439], [484]) 0.35079851746559143
([440], [485]) 0.47889167070388794
([441], [486, 487]) 0.43289756774902344
([442], [488, 489]) 0.32586726546287537
([443, 444], [490]) 0.6087707281112671
([445], [491, 492]) 0.44814935326576233
([446], [493]) 0.36372724175453186
([447], [494]) 0.7097486853599548
([448], [495]) 0.6145206093788147
([449], [496]) 0.6329731345176697
([450], [497]) 0.43738701939582825
([451], [498]) 0.6347775459289551
([452], [499]) 0.42225486040115356
([453], [500]) 0.25213515758514404
([454], [501]) 0.36929428577423096
([455], [502]) 0.34095561504364014
([456], [503]) 0.8406264185905457
([457], [504]) 0.37638401985168457
([458], [505]) 0.45052072405815125
([459], [506]) 0.427778959274292
([460], [507]) 0.4179086685180664
([461], [508]) 0.5551013946533203
([462], [509]) 0.5328710079193115
([463], [510]) 0.495888352394104
([464], [511]) 0.6574229001998901
([465], [512, 513]) 0.45254307985305786
([466], [514]) 0.38541606068611145
([467], [515, 516]) 0.43665990233421326
([468], [517]) 0.25089791417121887
([469], [518]) 0.47428300976753235
([470], [519]) 0.5689912438392639
([471, 472], [520]) 0.3606014549732208
([473], [521]) 0.6756942868232727
([474], [522]) 0.4292166829109192
([475], [523]) 0.5866773128509521
([476], [524]) 0.611939013004303
([477], [525]) 0.3984791040420532
([478], [526]) 0.24861444532871246
([479], [527]) 0.3488602638244629
([480], [528]) 0.4407574236392975
([481], [529]) 0.6951293349266052
([482], [530]) 0.5276303291320801
([483], [531]) 0.29559552669525146
([484], [532]) 0.4983444809913635
([485], [533]) 0.351909339427948
([486], [534]) 0.41230592131614685
([487], [535]) 0.4776333272457123
([488], [536]) 0.5810887813568115
([489], [537]) 0.864642322063446
([490], [538]) 0.3113973140716553
([491], [539]) 0.5310073494911194
([492], [540]) 0.4330999255180359
([493, 494], [541]) 0.5344305038452148
([495], [542]) 0.42867329716682434
([496], [543]) 0.40722906589508057
([497], [544]) 0.37458327412605286
([498], [545]) 0.5293502807617188
([499], [546]) 0.26477789878845215
([500], [547]) 0.2784942090511322
([501], [548, 549]) 0.34467002749443054
([502], [550]) 0.6373791694641113
([503], [551]) 0.7292990684509277
([504], [552, 553]) 0.37457412481307983
([505, 506], [554]) 0.45286503434181213
([507], [555]) 0.5475079417228699
([508], [556]) 0.19248484075069427
([509], [557]) 0.285793274641037
([510], [558]) 0.5441210865974426
([511], [559]) 0.4929672181606293
([512], [560]) 0.7189688086509705
([513], [561]) 0.5767964720726013
([514, 515], [562]) 0.48749348521232605
