([0], [0]) 0.3754357099533081
([1], [1, 2]) 0.4626511037349701
([2], [3, 4]) 0.43752577900886536
([3], [5, 6]) 0.4557655155658722
([4], [7]) 0.41210708022117615
([5], [8, 9]) 0.460029661655426
([6], [10]) 0.8507976531982422
([7], [11]) 1.0327426195144653
([8], [12, 13, 14]) 0.4819332758585612
([9], [15]) 0.5064711570739746
([10], [16]) 0.4429471492767334
([11], [17]) 0.44405946135520935
([12, 13], [18]) 0.3938460350036621
([14], [19]) 0.18738901615142822
([15, 16], [20]) 0.5181607007980347
([17], [21]) 0.5770037770271301
([18], [22]) 0.5273339748382568
([19], [23]) 0.5318912863731384
([20], [24, 25]) 0.4930746555328369
([21], [26]) 0.5193161964416504
([22], [27, 28]) 0.4820804297924042
([23], [29]) 0.6317673325538635
([24], [30]) 0.2917623221874237
([25], [31]) 0.48925527930259705
([26], [32]) 0.7758128643035889
([27], [33]) 0.3000900447368622
([28], [34]) 0.3420976400375366
([29], [35, 36, 37]) 0.5090765158335367
([30], [38, 39, 40, 41]) 0.7937197089195251
([], [42]) 0.0
([31], [43, 44, 45, 46, 47, 48]) 0.4657333294550578
([32], [49]) 0.4797976613044739
([33], [50, 51]) 0.5776392817497253
([34], [52]) 0.5263311862945557
([35], [53]) 0.5078753232955933
([36], [54, 55]) 0.4653249979019165
([37], [56]) 0.6662276387214661
([38], [57]) 0.8536619544029236
([39], [58]) 0.42475342750549316
([40], [59]) 0.3835906386375427
([41], [60]) 0.5606479048728943
([42], [61]) 0.49018341302871704
([43], [62]) 0.378187358379364
([44], [63]) 0.21545428037643433
([45], [64]) 0.5041133761405945
([46], [65, 66]) 0.37502044439315796
([47], [67]) 0.6068606376647949
([48], [68, 69, 70, 71]) 0.3718521296977997
([49], [72]) 0.5992321372032166
([50], [73, 74]) 0.4203537106513977
([51], [75]) 0.5651490688323975
([52], [76]) 0.5376736521720886
([53], [77]) 0.5648472309112549
([54], [78]) 0.41169342398643494
([55], [79]) 0.33719882369041443
([56], [80]) 0.550067126750946
([57], [81]) 0.7371258735656738
([58], [82, 83]) 0.4695739448070526
([59], [84]) 0.42333105206489563
([60], [85]) 0.35410425066947937
([61], [86]) 0.35851627588272095
([62, 63], [87]) 0.5209360122680664
([64], [88]) 0.495700478553772
([65], [89]) 0.4329513609409332
([66], [90]) 0.2608356177806854
([67], [91]) 0.33919551968574524
([68], [92]) 0.29515060782432556
([69], [93]) 0.6265321373939514
([70], [94]) 0.42482373118400574
([71], [95]) 0.4760449528694153
([72], [96]) 0.7426647543907166
([73], [97]) 0.5981079936027527
([74], [98]) 0.41853535175323486
([75], [99]) 0.2724528908729553
([76], [100]) 0.4024016559123993
([77], [101]) 0.2925233840942383
([78], [102]) 0.44393566250801086
([79], [103]) 0.376975953578949
([80], [104]) 0.7129552960395813
([81], [105]) 0.4594878852367401
([82], [106]) 0.4804397523403168
([83, 84], [107]) 0.4511799216270447
([85], [108]) 0.3834284543991089
([86], [109, 110]) 0.46002504229545593
([87], [111]) 0.47147753834724426
([88], [112]) 0.6227350831031799
([89], [113]) 0.440203458070755
([90], [114]) 0.5213046073913574
([91], [115]) 0.3781576454639435
([92], [116]) 0.45117321610450745
([93], [117, 118]) 0.5984649062156677
([94], [119]) 0.5979938507080078
([95], [120]) 0.6159719228744507
([96], [121, 122]) 0.47942015528678894
([97], [123]) 0.365140825510025
([98], [124]) 0.3276241421699524
([99], [125]) 0.6464402079582285
([100], [126]) 0.44427406787872314
([101], [127]) 0.5849276185035706
([102], [128]) 0.5976775884628296
([103], [129]) 0.5157626271247864
([104], [130]) 0.4944319427013397
([105], [131]) 0.4536244869232178
([106], [132]) 0.7111427783966064
([107], [133]) 0.43999114632606506
([108], [134, 135]) 0.4716585576534271
([109], [136]) 0.38944947719573975
([110], [137]) 0.7975825667381287
([111], [138]) 0.6803693175315857
([112], [139]) 0.9340977668762207
([113], [140]) 0.5875748991966248
([114], [141]) 0.5058451294898987
([115], [142]) 0.6048262715339661
([116], [143]) 0.5236538052558899
([117], [144, 145]) 0.5584768056869507
([118], [146]) 0.34074053168296814
([119], [147]) 0.4171268045902252
([120], [148]) 0.46355554461479187
([121], [149]) 0.4027561843395233
([122], [150]) 0.3725762367248535
([123], [151, 152]) 0.4647236764431
([124], [153]) 0.394681453704834
([125], [154]) 0.44601887464523315
([126], [155]) 0.3617405295372009
([127], [156]) 0.6133827567100525
([128], [157]) 0.39118170738220215
([129], [158]) 0.41109132766723633
([130], [159]) 0.5853773355484009
([131], [160]) 0.44708746671676636
([132], [161]) 0.5516337752342224
([133, 134], [162]) 0.4462118446826935
([135], [163, 164]) 0.3064151108264923
([136], [165]) 0.46846142411231995
([137], [166]) 0.4112442135810852
([138], [167]) 0.4327724277973175
([139], [168, 169]) 0.4682577848434448
([140], [170, 171]) 0.49417585134506226
([141], [172, 173, 174]) 0.41744426886240643
([142], [175, 176]) 0.3898722231388092
([143], [177]) 0.5570435523986816
([144], [178]) 0.45813649892807007
([145, 146], [179]) 0.3686867952346802
([147], [180, 181]) 0.31537091732025146
([148], [182, 183]) 0.3812972605228424
([149], [184]) 0.40164241194725037
([150], [185]) 0.43697676062583923
([151], [186]) 0.40674132108688354
([152], [187]) 0.599212110042572
([153], [188]) 0.3169923424720764
([154], [189]) 0.5959674715995789
([155], [190]) 0.9771519899368286
([156], [191]) 0.4196818768978119
([157], [192]) 0.5177916884422302
([158], [193]) 0.7534211874008179
([159], [194]) 0.40329796075820923
([160], [195, 196]) 0.34580132365226746
([161], [197]) 0.5772462487220764
([162], [198]) 0.764482319355011
([163], [199]) 0.46666398644447327
([164], [200]) 0.4719552993774414
([165], [201]) 0.7383547425270081
([166], [202]) 0.8842210173606873
([167], [203]) 0.4657357633113861
([168], [204]) 0.5496103763580322
([169], [205]) 0.49022984504699707
([170], [206]) 0.752093493938446
([171], [207]) 0.7666254043579102
([172], [208]) 0.39722418785095215
([173], [209]) 0.5194549560546875
([174, 175], [210]) 0.46206843852996826
([176], [211, 212]) 0.5807878971099854
([177], [213]) 0.5972160696983337
([178], [214]) 0.5030287504196167
([179], [215]) 0.4911746084690094
([180], [216]) 0.5153953433036804
([181], [217]) 0.3407994508743286
([182], [218, 219]) 0.4626815915107727
([183], [220, 221]) 0.33498793840408325
([184], [222]) 0.8651527166366577
([185], [223]) 0.4467761814594269
([186], [224]) 0.5305529236793518
([187], [225]) 0.5102173089981079
([188], [226]) 0.40420597791671753
([189], [227]) 0.4525523781776428
([190], [228]) 0.5600827932357788
([191], [229]) 0.5010921359062195
([192], [230, 231, 232]) 0.3411441246668498
([193], [233, 234]) 0.4511677026748657
([194], [235, 236]) 0.5398991107940674
([195], [237]) 0.45175713300704956
([196], [238, 239, 240, 241]) 0.6113766431808472
([197], [242]) 0.6687225699424744
([198], [243]) 0.6221647262573242
([199], [244]) 0.28629425168037415
([200], [245]) 0.5439262986183167
([201], [246]) 0.20904965698719025
([202], [247]) 0.45863214135169983
([203], [248]) 0.4214634299278259
([204], [249]) 0.38621580600738525
([205], [250]) 0.5186357498168945
([206], [251]) 0.27053213119506836
([207, 208, 209, 210], [252]) 0.33427003026008606
([211], [253]) 0.3562828004360199
([212], [254]) 0.6712883710861206
([213], [255, 256]) 0.46448591351509094
([214], [257]) 0.4334084391593933
([215], [258]) 0.47547271847724915
([216], [259]) 0.6137387156486511
([217], [260]) 0.3644385039806366
([218], [261]) 0.4316903054714203
([219], [262]) 0.5340063571929932
([220], [263, 264]) 0.48826438188552856
([221], [265]) 0.6563689112663269
([222], [266]) 0.5421430468559265
([223], [267]) 0.5656008124351501
([224], [268]) 0.5568313002586365
([225], [269]) 0.6669983267784119
([226], [270]) 0.4586757719516754
([227], [271]) 0.2832348942756653
([228], [272]) 0.6803665161132812
([229], [273]) 0.20649898052215576
([230], [274]) 0.3222711980342865
([231], [275, 276]) 0.3661063313484192
([232], [277, 278]) 0.3013273775577545
([233], [279]) 0.6631119847297668
([234], [280, 281]) 0.5057864785194397
([235], [282]) 0.6368274688720703
([236], [283]) 0.6496778726577759
([237], [284]) 0.7206483483314514
([238, 239], [285]) 0.6234567761421204
([240], [286]) 0.8248971104621887
([241], [287]) 0.6808450222015381
([242, 243], [288]) 0.37362924218177795
([244], [289]) 0.5974481105804443
([245], [290]) 0.9073085784912109
([246], [291]) 0.379317969083786
([247], [292, 293, 294, 295]) 0.4691423177719116
([248], [296]) 0.4402294158935547
([249], [297]) 0.7211955785751343
([250], [298]) 0.5780951380729675
([251], [299]) 0.4350091814994812
([252], [300]) 0.4663481116294861
([253], [301]) 0.6003760099411011
([254], [302]) 0.34828734397888184
([255], [303]) 0.5234730243682861
([256], [304]) 0.7798385620117188
([257], [305]) 0.6345109343528748
([258], [306]) 0.16879034042358398
([259], [307]) 0.6098811626434326
([260], [308]) 0.5338416695594788
([261], [309]) 0.4981658160686493
([262], [310]) 0.46335136890411377
([263], [311]) 0.49769285321235657
([264], [312]) 0.23716102540493011
([265], [313]) 0.4284634590148926
([266], [314]) 0.6236600875854492
([267, 268], [315]) 0.37029576301574707
([269], [316, 317]) 0.5945674180984497
([270], [318]) 0.7264583706855774
([271], [319]) 0.7483044266700745
([272], [320]) 0.4472272992134094
([273], [321]) 0.5144387483596802
([274], [322]) 0.5047945380210876
([275], [323]) 0.4662296175956726
([276], [324]) 0.62203449010849
([277], [325]) 0.6498346328735352
([278], [326]) 0.42173856496810913
([279], [327]) 0.754010796546936
([280], [328]) 0.6302017569541931
([281], [329, 330]) 0.3447267711162567
([282], [331]) 0.495777428150177
([283], [332]) 0.5299208760261536
([284], [333]) 0.2509269118309021
([285], [334]) 0.413814902305603
([286], [335]) 0.3908911645412445
([287], [336, 337]) 0.5282686352729797
([288], [338]) 0.746484100818634
([289], [339, 340]) 0.5384514331817627
([290], [341, 342]) 0.5062833428382874
([291], [343]) 0.37924280762672424
([292], [344]) 0.38649672269821167
([293], [345]) 0.22212933003902435
([294], [346]) 0.45004013180732727
([295], [347]) 0.2765275239944458
([296], [348]) 0.5667596459388733
([297], [349]) 0.6109559535980225
([298], [350]) 0.3397601842880249
([299], [351]) 0.5156566500663757
([300], [352]) 0.581938624382019
([301], [353]) 0.5965691208839417
([302], [354]) 0.26083022356033325
([303], [355]) 0.5359493494033813
([304], [356]) 0.5517517924308777
([305], [357]) 0.3244689106941223
([306], [358, 359, 360, 361]) 0.23889683187007904
([307], [362]) 0.3636460602283478
([308], [363]) 0.23259983956813812
([309, 310], [364]) 0.4579625129699707
([311], [365]) 0.4048384726047516
([312, 313], [366]) 0.577045202255249
([314], [367]) 0.6987225413322449
([315], [368, 369]) 0.388267457485199
([316, 317], [370]) 0.6269708871841431
([318, 319, 320], [371]) 0.5327919721603394
([321], [372, 373]) 0.4988841712474823
([322], [374]) 0.44035181403160095
([323], [375]) 0.4696434736251831
([324], [376]) 0.4004627764225006
([325], [377, 378]) 0.3428758382797241
([326], [379]) 0.6113188862800598
([327], [380]) 0.48159825801849365
([328], [381]) 0.6419419646263123
([329], [382]) 0.5572037100791931
([330], [383]) 0.369453489780426
([331], [384]) 0.4666353166103363
([332], [385]) 0.8067433834075928
([333], [386]) 0.3991333246231079
([334, 335], [387]) 0.5428752899169922
([336], [388, 389]) 0.3961314857006073
([337], [390]) 0.4603012502193451
([338], [391]) 0.4004770815372467
([339], [392]) 0.57553631067276
([340], [393]) 0.3595751225948334
([341], [394]) 0.43127045035362244
([342], [395]) 0.4892492890357971
([343], [396]) 0.3607810139656067
([344], [397]) 0.5667634010314941
([345], [398]) 0.415242075920105
([346], [399]) 0.5124672651290894
([347], [400]) 0.3733660578727722
([348], [401, 402]) 0.4109438955783844
([349], [403]) 0.650514543056488
([350], [404]) 0.4084213078022003
([351], [405]) 0.7564276456832886
([352], [406]) 0.4612016975879669
([353], [407, 408]) 0.36437541246414185
([354], [409]) 0.5345515012741089
([355], [410]) 0.3799707889556885
([356], [411, 412]) 0.5765863060951233
([357], [413]) 0.5745071768760681
([358, 359], [414]) 0.4062529504299164
([360], [415]) 0.556300699710846
([361], [416]) 0.46727147698402405
([362], [417]) 0.34732216596603394
([363], [418]) 0.19167648255825043
([364], [419, 420]) 0.6942679286003113
([365], [421]) 0.300419420003891
([366, 367], [422]) 0.30791333317756653
([368], [423]) 0.3018820583820343
([369], [424]) 0.4499760866165161
([370], [425]) 0.5513039231300354
([371], [426]) 0.5046166181564331
([372], [427]) 0.610069751739502
([373], [428]) 0.26767483353614807
([374], [429]) 0.38021939992904663
([375], [430]) 0.2935575544834137
([376], [431]) 0.3252488672733307
([377], [432]) 0.3861336410045624
([378], [433]) 0.4490317702293396
([379], [434]) 0.321115106344223
([380], [435]) 0.42322251200675964
([381, 382], [436]) 0.36385202407836914
([383], [437]) 0.4507077634334564
([384], [438]) 0.5856742858886719
([385], [439]) 0.4865514039993286
([386], [440]) 0.30838409066200256
([387, 388], [441]) 0.569545567035675
([389], [442, 443]) 0.41361740231513977
([390], [444]) 0.46080923080444336
([391], [445]) 0.38521480560302734
([392], [446]) 0.5663943886756897
([393, 394], [447]) 0.5338768362998962
