([0], [0]) 0.30467894673347473
([1, 2], [1]) 0.3262687921524048
([3], [2, 3]) 0.594513475894928
([4, 5, 6], [4]) 0.4301348129908244
([7], [5]) 0.43365371227264404
([8], [6]) 0.4376651644706726
([9, 10], [7]) 0.5384392738342285
([11], [8]) 0.2898741662502289
([12, 13, 14], [9]) 0.39496533075968426
([15, 16, 17], [10]) 0.4534016450246175
([18, 19, 20, 21, 22, 23], [11]) 0.36581993103027344
([24, 25], [12]) 0.36484938859939575
([26], [13]) 0.47472694516181946
([27], [14]) 0.46622416377067566
([28], [15]) 0.5808495879173279
([29], [16]) 0.6501567959785461
([30], [17]) 0.6248104572296143
([31], [18]) 0.45051461458206177
([32], [19]) 0.3245658874511719
([33], [20]) 0.4393976032733917
([34, 35], [21]) 0.47743311524391174
([36], [22]) 0.3751666843891144
([37, 38, 39], [23]) 0.47038082281748456
([40], [24]) 0.32608065009117126
([41], [25]) 0.38109081983566284
([42], [26]) 0.42109444737434387
([43], [27]) 0.33343517780303955
([44], [28]) 0.8114534020423889
([45], [29]) 0.4386546313762665
([46, 47, 48, 49, 50], [30]) 0.21206092834472656
([51], [31]) 0.47381946444511414
([52], [32]) 0.3705131709575653
([53], [33]) 0.37541070580482483
([54, 55], [34]) 0.4139675498008728
([56], [35]) 0.3867439031600952
([57], [36]) 0.6096974015235901
([58], [37]) 0.5414891242980957
([59], [38, 39]) 0.4252149760723114
([60], [40]) 0.4215744435787201
([61], [41]) 0.6564192175865173
([62], [42]) 0.322711706161499
([63], [43]) 0.41281887888908386
([64], [44]) 0.34678778052330017
([65], [45]) 0.7678965926170349
([66, 67, 68, 69, 70, 71, 72], [46]) 0.26267993450164795
([73], []) 0.0
([74, 75], [47]) 0.6419032216072065
([76], [48]) 0.3552880585193634
([77], [49]) 0.5968560576438904
([78], [50]) 0.5639476180076599
([79], [51]) 0.673995852470398
([80], [52]) 0.47882944345474243
([81], [53]) 0.5516917705535889
([82], [54]) 0.48805323243141174
([83], [55]) 0.5038138031959534
([84], [56, 57]) 0.3942181468009949
([85], [58]) 0.6396591067314148
([86], [59]) 0.5206151008605957
([87], [60]) 0.4431682229042053
([88], [61]) 0.7054920196533203
([89], [62]) 0.40390491485595703
([90, 91], [63]) 0.5561431050300598
([92, 93], [64]) 0.43133780360221863
([94], [65]) 0.6132476329803467
([95], [66]) 0.5676272511482239
([96], [67]) 0.5068497657775879
([97, 98, 99, 100], [68]) 0.350414514541626
([101], [69]) 0.4553900361061096
([102], [70]) 0.4779437780380249
([103, 104], [71]) 0.35403454303741455
([105], [72]) 0.47383952140808105
([106], [73]) 0.40670475363731384
([107], [74]) 0.396774560213089
([108], [75]) 0.3657142221927643
([109], [76]) 0.5786042213439941
([110], [77]) 0.42719900608062744
([111, 112], [78]) 0.517289400100708
([113, 114], [79]) 0.38472896814346313
([115, 116], [80]) 0.43791866302490234
([117, 118], [81]) 0.5417210459709167
([119], [82]) 0.6020674109458923
([120], [83]) 0.562619686126709
([121], [84]) 0.7112988233566284
([122], [85]) 0.4049854278564453
([123], [86]) 0.6443706154823303
([124], [87]) 0.342278391122818
([125], [88]) 0.48845866322517395
([126], [89]) 0.2973143756389618
([127, 128], [90]) 0.4184100031852722
([129, 130], [91]) 0.420458048582077
([131], [92]) 0.7059564590454102
([132], [93]) 0.6379291415214539
([133], [94]) 0.3902777135372162
([134, 135, 136], [95]) 0.5213901599248251
([137], [96]) 0.42858344316482544
([138], [97]) 0.5990936160087585
([139, 140], [98]) 0.6034165024757385
([141], [99]) 0.5628572106361389
([142, 143], [100]) 0.4340057373046875
([144], [101]) 0.329102486371994
([145], [102]) 0.2363204061985016
([146], [103]) 0.4402630627155304
([147], [104]) 0.6292545795440674
([148], [105]) 0.41513240337371826
([149], [106]) 0.6274203062057495
([150], [107]) 0.42466557025909424
([151], [108]) 0.629511296749115
([152], [109]) 0.5178767442703247
([153], [110]) 0.2967592179775238
([154], [111]) 0.47600284218788147
([155], [112]) 0.4648684859275818
([156], [113]) 0.6967462301254272
([157], [114]) 0.44993865489959717
([158], [115]) 0.7133517265319824
([159], [116]) 0.47662925720214844
([160], [117]) 0.6102308630943298
([161], [118]) 0.29056355357170105
([162], [119]) 0.4678821265697479
([163, 164], [120]) 0.49268221855163574
([165], [121]) 0.49258551001548767
([166], [122]) 0.4862729012966156
([167], [123]) 0.42488938570022583
([168, 169], [124]) 0.5646984577178955
([170], [125]) 0.5399226546287537
([171], [126]) 0.4187527000904083
([172], [127]) 0.4994198679924011
([173], [128]) 0.3857547342777252
([174], [129]) 0.6432972550392151
([175, 176], [130]) 0.33540624380111694
([177], [131]) 0.4439193606376648
([178], [132]) 0.3281143605709076
([179], [133]) 0.4566338360309601
([180], [134]) 0.666008472442627
([181], [135]) 0.3054622709751129
([182], [136]) 0.42242491245269775
([183], [137]) 0.8338368535041809
([184], [138]) 0.38331615924835205
([185], [139]) 0.34201109409332275
([186], [140]) 0.4528293013572693
([187], [141]) 0.9576134085655212
([188], [142]) 0.3718125820159912
([189], [143]) 0.21762067079544067
([190, 191], [144]) 0.4158434569835663
([192, 193], [145]) 0.4680129289627075
([194], [146]) 0.200213223695755
([195], [147]) 0.5358630418777466
([196], [148]) 0.39452189207077026
([197], [149]) 0.7951933741569519
([198], [150]) 0.5350251793861389
([199], [151]) 0.49736759066581726
([200], [152]) 0.421021044254303
([201], [153]) 0.4225335121154785
([202], [154]) 0.5232800245285034
([203], [155]) 0.591201663017273
([204], [156]) 0.47703447937965393
([205], [157]) 0.6406347155570984
([206], [158, 159]) 0.5583458542823792
([207], [160]) 0.8404204845428467
([208], [161]) 0.4477541148662567
([209], [162]) 0.4181264340877533
([210], [163]) 0.6587677597999573
([211], [164]) 0.48351728916168213
([212], [165]) 0.6350223422050476
([213], [166]) 0.6587092876434326
([214], [167]) 0.8028738498687744
([215], [168]) 0.423837810754776
([216, 217], [169]) 0.4487761855125427
([218], [170]) 0.47073492407798767
([219], [171]) 0.48546555638313293
([220], [172]) 0.615543782711029
([221], [173]) 0.5343207120895386
([222], [174]) 0.43468764424324036
([223, 224], [175]) 0.4444288909435272
([225], [176]) 0.4327997863292694
([226, 227, 228], [177]) 0.38090670108795166
([229], [178]) 0.49499523639678955
([230], [179]) 0.45135191082954407
([231], [180]) 0.6022754311561584
([232], [181]) 0.4719129204750061
([233], [182]) 0.612674355506897
([234], [183]) 0.636999785900116
([235], [184]) 0.34194034337997437
([236], [185]) 0.61919766664505
([237], [186]) 0.4438510835170746
([238], [187]) 0.427609920501709
([239], [188]) 0.4815969169139862
([240], [189]) 0.45857110619544983
([241], [190]) 0.4361785352230072
([242], [191]) 0.2628728151321411
([243], [192]) 0.7711471319198608
([244], [193]) 0.5153577923774719
([245, 246], [194]) 0.6523067951202393
([247, 248, 249], [195]) 0.46143583456675213
([250], [196]) 0.5422366857528687
([251], [197]) 0.6699463725090027
([252], [198]) 0.31840062141418457
([253], [199]) 0.6881124377250671
([254, 255, 256], [200]) 0.3971427281697591
([257, 258], [201]) 0.2843523919582367
([259, 260, 261], [202]) 0.4959663152694702
([262], [203]) 0.6020050048828125
([263], [204]) 0.40558427572250366
([264], [205]) 0.5076359510421753
([265], [206]) 0.5554293990135193
([266], [207]) 0.4260384738445282
([267, 268, 269, 270, 271], [208]) 0.4389403343200712
([272], [209]) 0.5552984476089478
([273], [210]) 0.5291058421134949
([274], [211]) 0.35348978638648987
([275], [212]) 0.6141698360443115
([276], [213]) 0.41518622636795044
([277], [214]) 0.43823036551475525
([278], [215]) 0.6817531585693359
([279], [216]) 0.5018266439437866
([280], [217]) 0.41039809584617615
([281], [218]) 0.48350146412849426
([282], [219]) 0.6107816100120544
([283], [220]) 0.3588402271270752
([284], [221]) 0.5627305507659912
([285], [222]) 0.6656917929649353
([286], [223]) 0.7826636433601379
([287], [224]) 0.47584372758865356
([288], [225]) 0.3259701728820801
([289], [226]) 0.3793098032474518
([290], [227]) 0.40550723671913147
([291, 292, 293], [228]) 0.3328787088394165
([294, 295, 296], [229]) 0.5688421328862509
([297, 298], [230]) 0.4082778990268707
([299], [231]) 0.42772796750068665
([300], [232]) 0.6769518256187439
([301, 302], [233]) 0.3809664249420166
([303], [234]) 0.3637562096118927
([304], [235]) 0.8673664927482605
([305], [236]) 0.6365206837654114
([306], [237]) 0.6029249429702759
([307], [238]) 0.4910220205783844
([308], [239]) 0.42870232462882996
([309], [240, 241, 242]) 0.33638322353363037
([310], [243]) 0.3587420880794525
([311], [244, 245]) 0.40578997135162354
([312], [246]) 0.8343123197555542
([313], [247]) 0.4435398578643799
([314], [248]) 0.642168402671814
([315], [249]) 0.3026944696903229
([316, 317], [250]) 0.28724759817123413
([318], [251, 252]) 0.42079174518585205
([319], [253]) 1.0771151781082153
([320], [254]) 0.41400808095932007
([321], [255]) 0.7753924131393433
([322], [256]) 0.3640601933002472
([323], [257]) 0.6746367812156677
([324], [258]) 0.6844439506530762
([325], [259]) 0.5111759305000305
([326], [260]) 0.41305968165397644
([327], [261]) 0.4160730838775635
([328], [262]) 0.6717381477355957
([329], [263]) 0.716091513633728
([330], [264]) 0.36785104870796204
([331, 332], [265]) 0.4996306598186493
([333], [266]) 0.3397037088871002
([334], [267, 268]) 0.504664957523346
([335], [269]) 0.8636772632598877
([336], [270]) 0.44784876704216003
([337, 338, 339, 340], [271]) 0.42744341492652893
([341], [272]) 0.41872575879096985
([342, 343, 344], [273]) 0.3467014233271281
([345], [274]) 0.5584084391593933
([346, 347], [275]) 0.521126925945282
([348], [276]) 0.6639478802680969
([349, 350], [277]) 0.2828671634197235
([351], [278]) 0.7397003769874573
([352], [279]) 0.4007297456264496
([353], [280]) 0.3727836608886719
([354], [281]) 0.3176468312740326
([355], [282]) 0.6474381685256958
([356, 357], [283]) 0.4768576920032501
([358], [284]) 0.42273658514022827
([359], [285]) 0.45179083943367004
([360], [286]) 0.7124819755554199
([361], [287]) 0.6449251770973206
([362, 363], [288]) 0.6133751273155212
([364], [289]) 0.6871451735496521
([365], [290]) 0.5434555411338806
([366], [291]) 0.3709108233451843
([367], [292]) 0.25393930077552795
([368], [293]) 0.6231536269187927
([369], [294]) 0.39667218923568726
([370], [295]) 0.48058077692985535
([371], [296]) 0.604002058506012
([372], [297]) 0.6747892498970032
([373], [298, 299]) 0.5002759099006653
([374], [300]) 0.5133262276649475
([375], [301]) 0.563955545425415
([376], [302]) 0.614135205745697
([377], [303]) 0.616077184677124
([378], [304]) 0.48167684674263
([379], [305]) 0.6420472264289856
([380, 381], [306]) 0.3366318345069885
([382], [307]) 0.5914313793182373
([383, 384], [308]) 0.5899681448936462
([385], [309]) 0.5414538383483887
([386, 387], [310]) 0.4858158528804779
([388], [311]) 0.7475751042366028
([389], [312]) 0.3996029794216156
([390], [313]) 0.4097134470939636
([391], [314]) 0.31486278772354126
([392], [315]) 0.22307953238487244
([393], [316]) 0.4184108078479767
([394], [317]) 0.38189923763275146
([395], [318]) 0.2726200819015503
([396], [319]) 0.3316974937915802
([397], [320]) 0.4252064824104309
([398], [321]) 0.46474626660346985
([399], [322, 323]) 0.37859442830085754
([400], [324]) 0.3530634343624115
([401], [325]) 0.5587782859802246
([402], [326]) 0.41403883695602417
([403], [327]) 0.37666556239128113
([404], [328]) 0.3629138171672821
([405], [329]) 0.6051121950149536
([406], [330]) 0.4024013578891754
([407], [331]) 0.5067878365516663
([408], [332]) 0.3061116635799408
([409], [333]) 0.5084028244018555
([410], [334]) 0.4964858591556549
([411], [335]) 0.708820104598999
([412], [336]) 0.4665061831474304
([413], [337]) 0.4450390934944153
([414, 415], [338]) 0.44129678606987
([416], [339]) 0.32727405428886414
([417], [340]) 0.4218379557132721
([418], [341]) 0.566470742225647
([419], [342]) 0.6301589608192444
([420], [343]) 0.6238061785697937
([421], [344]) 0.3172363042831421
([422], [345]) 0.3180003762245178
([423], [346]) 0.6992350816726685
([424], [347]) 0.590772271156311
([425], [348]) 0.5523359775543213
([426], [349]) 0.45993322134017944
([427], [350]) 0.5993962287902832
([428, 429], [351]) 0.33655527234077454
([430, 431], [352]) 0.5454089641571045
([432], [353]) 0.39338311553001404
([433], [354]) 0.6350480318069458
([434], [355]) 0.5441017746925354
([435], [356]) 0.49473461508750916
([436], [357, 358]) 0.5450364351272583
([437], [359]) 0.44980695843696594
([438], [360]) 0.5148504972457886
([439], [361]) 0.4836473762989044
([440], [362]) 0.7457923293113708
([441], [363]) 0.47205743193626404
([442], [364]) 0.5309321284294128
([443], [365]) 0.3935459554195404
([444], [366]) 0.5619010925292969
([445], [367]) 0.4959898293018341
([446], [368]) 0.4724581241607666
([447], [369]) 0.4185178577899933
([448], [370]) 0.6518914103507996
([449, 450], [371]) 0.41295522451400757
([451], [372]) 0.4880502223968506
([452], [373]) 0.4688390791416168
([453], [374, 375]) 0.4601982831954956
([454], [376]) 0.5494646430015564
([455, 456], [377]) 0.39185649156570435
([457], [378]) 0.5756767392158508
([458], [379]) 0.451068639755249
([459], [380]) 0.5171384215354919
([460], [381]) 0.3683629333972931
([461], [382]) 0.4217143654823303
([462], [383]) 0.9784905314445496
([463], [384]) 0.3409186005592346
([464], [385]) 0.3846014440059662
([465], [386, 387]) 0.5024549961090088
([466], [388]) 0.4897351861000061
([467], [389]) 0.44884052872657776
([468], [390]) 0.2252233773469925
([469], [391]) 0.48583894968032837
([470], [392]) 0.45832207798957825
([471], [393]) 0.4548513889312744
([472], [394]) 0.25726571679115295
([473, 474], [395]) 0.5151287913322449
([475], [396]) 0.36233851313591003
([476], [397]) 0.2593463957309723
([477], [398]) 0.4963003695011139
([478, 479], [399]) 0.35252758860588074
([480], [400]) 0.40776076912879944
([481], [401]) 0.3496682941913605
([482], [402]) 0.8343494534492493
([483], [403]) 0.5095321536064148
([484], [404]) 0.5449897050857544
([485], [405]) 0.44070446491241455
([486], [406, 407]) 0.3648381233215332
([487], [408]) 0.49899792671203613
([488], [409]) 0.49372339248657227
([489], [410]) 0.5970975160598755
([490], [411]) 0.4375183880329132
([491], [412]) 0.3100716173648834
([492], [413]) 0.5973923206329346
([493], [414]) 0.5557368993759155
([494], [415]) 0.5141822099685669
([495], [416]) 0.5560062527656555
([496], [417]) 0.47166338562965393
([497], [418]) 0.5779737234115601
([498], [419]) 0.44392579793930054
([499], [420]) 0.491945743560791
([500], [421]) 0.4916176199913025
([501, 502], [422]) 0.41126829385757446
([503], [423]) 0.5030201077461243
([504], [424, 425]) 0.40603283047676086
([505], [426]) 0.6192399263381958
([506], [427]) 0.5138632655143738
([507], [428]) 0.47146719694137573
([508], [429]) 0.6729373335838318
([509], [430]) 0.541982114315033
([510], [431]) 0.690653383731842
([511], [432]) 0.4298263490200043
([512], [433]) 0.5260368585586548
([513], [434]) 0.31530246138572693
([514], [435]) 0.7098535299301147
([515], [436]) 0.40444785356521606
([516], [437]) 0.35364335775375366
([517, 518], [438]) 0.30411356687545776
([519], [439]) 0.44800281524658203
([520], [440]) 0.48924556374549866
([521], [441]) 0.37706196308135986
([522], [442]) 0.7388043403625488
([523], [443]) 0.6034519672393799
([524], [444]) 0.5616264343261719
([525], [445]) 0.3867388665676117
([526], [446]) 0.47766417264938354
([527], [447]) 0.3293021321296692
([528], [448]) 0.5531101226806641
([529, 530], [449]) 0.5802706480026245
([531], [450]) 0.5678926706314087
([532], [451]) 0.41824790835380554
([533, 534, 535], [452]) 0.7212984561920166
([536], [453]) 0.4494139850139618
([537], [454]) 0.3248358368873596
([538], [455]) 0.5736516714096069
([539], [456]) 0.4618549346923828
([540], [457]) 0.5607223510742188
([541], [458]) 0.5399771332740784
([542], [459]) 0.42627760767936707
([543], [460]) 0.5321313738822937
([544], [461]) 0.5452021360397339
([545], [462]) 0.3237086534500122
([546], [463]) 0.5181647539138794
([547], [464]) 0.5811842679977417
([548], [465]) 0.34505128860473633
([549], [466]) 0.3246552348136902
([550], [467]) 0.6027067303657532
([551], [468]) 0.8233540058135986
([552], [469]) 0.4758968949317932
([553], [470]) 0.4473864436149597
([554], [471]) 0.4371242821216583
([555], [472]) 0.5836701989173889
([556], [473]) 0.4527389109134674
([557], [474]) 0.5441212058067322
([558], [475]) 0.7154972553253174
([559], [476]) 0.5031138062477112
([560], [477]) 0.6085876226425171
([561], [478]) 0.4811914563179016
([562], [479]) 0.525871753692627
([563], [480]) 0.41608726978302
([564], [481]) 0.33044323325157166
([565], [482]) 0.33628109097480774
([566], [483]) 0.35499534010887146
([567], [484]) 0.5228651762008667
([568], [485]) 0.4953106641769409
([569], [486]) 0.521818995475769
([570], [487]) 0.46303221583366394
([571], [488]) 0.3475273847579956
([572], [489]) 0.3555639982223511
([573], [490]) 0.35345908999443054
([574, 575], [491]) 0.39023756980895996
([576], [492]) 0.5364120602607727
([577], [493]) 0.6326023936271667
([578], [494]) 0.43938225507736206
([579], [495]) 0.4723210334777832
([580], [496]) 0.30966681241989136
([581], [497]) 0.5536909699440002
([582], [498]) 0.44615882635116577
([583], [499]) 0.3510545492172241
([584], [500]) 0.5272663831710815
([585], [501]) 0.517280638217926
([586], [502]) 0.36935529112815857
([587], [503]) 0.3493722975254059
([588], [504]) 0.4756612479686737
([589], [505]) 0.6605428457260132
([590], [506]) 0.3683742582798004
([591], [507]) 0.5571117401123047
([592], [508]) 0.6181278824806213
([593], [509]) 0.5537189245223999
([594], [510]) 0.2520909905433655
([595], [511]) 0.252416729927063
([596], [512]) 0.4952946603298187
([597, 598], [513]) 0.4053938388824463
([599], [514]) 0.39872825145721436
([600], [515]) 0.6901009678840637
([601], [516]) 0.6895645260810852
([602], [517]) 0.5755338668823242
([603], [518]) 0.45073771476745605
([604], [519]) 0.5371930003166199
([605], [520]) 0.5677034258842468
([606], [521]) 0.43731215596199036
([607], [522]) 0.7734180688858032
([608], [523]) 0.5993608236312866
([609], [524]) 0.596014142036438
([610], [525]) 0.5272442102432251
([611], [526]) 0.4640219509601593
([612], [527]) 0.6141197085380554
([613], [528]) 0.22650682926177979
([614], [529]) 0.5219337940216064
([615], [530]) 0.3235056698322296
([616], [531]) 0.2860156297683716
([617], [532]) 0.5262435674667358
([618, 619], [533]) 0.35540732741355896
([620], [534]) 0.4493952691555023
([621], [535]) 0.567659318447113
([622], [536]) 0.3750048279762268
([623], [537]) 0.31976446509361267
([624], [538]) 0.4969189465045929
([625], [539, 540]) 0.359904408454895
([626], [541]) 0.44027507305145264
([627, 628], [542]) 0.4378831088542938
([629], [543]) 0.6136183142662048
([630], [544]) 0.4756966531276703
([631], [545]) 0.6284341216087341
([632], [546]) 0.45105868577957153
([633], [547]) 0.5084387063980103
([634], [548]) 0.5505127310752869
([635], [549]) 0.3983653783798218
([636, 637], [550]) 0.37394246459007263
([638], [551]) 0.42043551802635193
([639, 640, 641], [552]) 0.5484904050827026
([642], [553]) 0.4911438822746277
([643], [554]) 0.5552893877029419
([644], [555]) 0.3037964105606079
([645], [556]) 0.3403702974319458
([646], [557]) 0.4377160966396332
([647], [558]) 0.592826247215271
([648], [559]) 0.3632591962814331
([649], [560]) 0.3944385051727295
([650], [561]) 0.45618560910224915
([651], [562]) 0.34945741295814514
([652], [563]) 0.5916136503219604
([653, 654], [564]) 0.44422975182533264
([655], [565]) 0.25294023752212524
([656], [566]) 0.5502490997314453
([657], [567]) 0.5216232538223267
([658], [568]) 0.5098522901535034
([659], [569]) 0.4061426520347595
([660], [570]) 0.5632863640785217
([661], [571]) 0.42180415987968445
([662], [572]) 0.4925909638404846
([663], [573]) 0.40629127621650696
([664], [574]) 0.686589777469635
([665], [575]) 0.7300248742103577
([666], [576]) 0.52060866355896
([667], [577]) 0.6794906854629517
([668], [578]) 0.5485328435897827
([669], [579]) 0.3632113039493561
([670], [580]) 0.57028728723526
([671], [581]) 0.5766648054122925
([672, 673], [582]) 0.5694093108177185
([674, 675], [583]) 0.5662512183189392
([676], [584]) 0.6242753267288208
([677], [585]) 0.5074000358581543
([678], [586]) 0.725267767906189
([679, 680], [587]) 0.30204862356185913
([681, 682], [588]) 0.2968994975090027
([683], [589]) 0.5372804403305054
([684], [590]) 0.42664650082588196
([685], [591]) 0.5399429798126221
([686], [592]) 0.562330961227417
([687], [593]) 0.622520923614502
([688], [594]) 0.603180468082428
([689], [595]) 0.7451784014701843
([690], [596]) 0.2729353904724121
([691], [597]) 0.4814031422138214
([692, 693], [598]) 0.6168748736381531
([694], [599]) 0.4071677625179291
([695], [600]) 0.305242657661438
([696], [601]) 0.2673630714416504
([697], [602, 603]) 0.4973311424255371
([698], [604]) 0.4641849994659424
([699], [605, 606]) 0.433212548494339
([700], [607]) 0.26781797409057617
([701], [608]) 0.3199659585952759
([702], [609]) 0.5703538656234741
([703], [610]) 0.42766934633255005
([704], [611]) 0.5145496726036072
([705], [612]) 0.3598797023296356
([706], [613]) 0.4968896210193634
([707], [614]) 0.5479562878608704
([708], [615]) 0.5636802315711975
([709], [616]) 0.5227319598197937
([710], [617]) 0.4326070249080658
([711], [618]) 0.5079001784324646
([712], [619]) 0.3588661253452301
([713], [620]) 0.5701329708099365
([714], [621]) 0.2950288653373718
([715], [622]) 0.6166820526123047
([716], [623]) 0.45259392261505127
([717], [624]) 0.4495183527469635
([718], [625]) 0.6802931427955627
([719], [626]) 0.5371062159538269
([720], [627]) 0.7858315706253052
([721], [628]) 0.6680691838264465
([722], [629]) 0.4811161160469055
([723], [630]) 0.49538540840148926
([724, 725], [631]) 0.3168962001800537
([726], [632]) 0.5115880370140076
([727, 728, 729, 730], [633]) 0.4336875379085541
([731], [634]) 0.5062311887741089
([732], [635]) 0.5485037565231323
([733], [636]) 0.5071387887001038
([734], [637]) 0.29571565985679626
([735], [638]) 0.6523550152778625
([736, 737], [639]) 0.5020825266838074
([738], [640]) 0.7147505879402161
([739], [641]) 0.6688379049301147
([740], [642]) 0.4932778477668762
([741], [643]) 0.6445050835609436
([742], [644]) 0.3800448775291443
([743], [645]) 0.5755307078361511
([744, 745], [646]) 0.3127073645591736
([746], [647]) 0.381093293428421
([747], [648, 649]) 0.28879061341285706
([748], [650]) 0.4661771059036255
([749, 750], [651]) 0.34576475620269775
([751], [652]) 0.7805448174476624
([752], [653]) 0.6091911196708679
([753], [654]) 0.887712299823761
([754], [655]) 0.8282870054244995
([755], [656]) 0.5340067148208618
([756], [657]) 0.5551313757896423
([757], [658]) 0.5085791945457458
([758], [659]) 0.43105781078338623
([759], [660]) 0.5118122696876526
([760], [661]) 0.6552742123603821
([761], [662]) 0.2813860774040222
([762], [663]) 0.5922074317932129
([763], [664]) 0.1681985706090927
([764], [665]) 0.3546290099620819
([765], [666]) 0.41741451621055603
([766], [667]) 0.6552907228469849
([767], [668]) 0.36468884348869324
([768], [669]) 0.4510560631752014
([769], [670]) 0.6002507209777832
([770], [671]) 0.5067098140716553
([771], [672]) 0.4596584141254425
([772], [673]) 0.3752548396587372
([773], [674]) 0.4387366473674774
([774], [675]) 0.44793251156806946
([775], [676]) 0.36450856924057007
([776], [677]) 0.8258351683616638
([777], [678]) 0.4619569480419159
([778], [679]) 0.3732403516769409
([779], [680]) 0.49212339520454407
([780], [681]) 0.5821353793144226
([781], [682]) 0.7630289196968079
([782], [683]) 0.5215933918952942
([783], [684]) 0.428810715675354
([784], [685]) 0.39640817046165466
([785], [686]) 0.4666990637779236
([786], [687]) 0.5246586203575134
([787], [688]) 0.6786182522773743
([788], [689]) 0.4108690917491913
([789], [690]) 0.5061694383621216
([790], [691]) 0.5986223816871643
([791], [692]) 0.5736515522003174
([792], [693, 694]) 0.6464288830757141
([793], [695]) 0.680619478225708
([794], [696]) 0.6291751265525818
([795], [697]) 0.7512549757957458
([796], [698]) 0.4175327718257904
([797], [699]) 0.7758241891860962
([798], [700]) 0.5455349087715149
([799], [701]) 0.7108402252197266
([800], [702]) 0.3725094199180603
([801], [703]) 0.6575982570648193
([802], [704]) 0.452846884727478
([803], [705]) 0.47551342844963074
([804], [706]) 0.5104362964630127
([805, 806], [707]) 0.5296310782432556
([807], [708]) 0.524585485458374
([808], [709]) 0.5678809881210327
([809], [710]) 0.4361923933029175
([810], [711]) 0.6900613903999329
([811], [712, 713]) 0.540333092212677
([812], [714]) 0.5101602077484131
([813], [715]) 0.563051164150238
([814], [716]) 0.512808084487915
([815], [717]) 0.3017377257347107
([816], [718]) 0.4485015273094177
([817], [719]) 0.43181881308555603
([818], [720]) 0.3849395513534546
([819], [721]) 0.6023594737052917
([820], [722]) 0.46289345622062683
([821], [723]) 0.6016327738761902
([822], [724]) 0.24510566890239716
([823], [725]) 0.411779522895813
([824], [726]) 0.3567805588245392
([825], [727]) 0.3139902949333191
([826], [728]) 0.24777169525623322
([827], [729]) 0.5627723932266235
([828], [730]) 0.47057032585144043
([829], [731]) 0.6290845274925232
([830], [732]) 0.43672364950180054
([831], [733]) 0.47003230452537537
([832], [734]) 0.6786472797393799
([833], [735]) 0.6322395205497742
([834], [736]) 0.29569339752197266
([835], [737]) 0.294868528842926
([836, 837], [738]) 0.2911037802696228
