([0], [0]) 0.4709901213645935
([1], [1]) 0.2930474579334259
([2, 3], [2]) 0.35203278064727783
([4, 5], [3]) 0.35026782751083374
([6], [4]) 0.6433929800987244
([7, 8], [5]) 0.33882448077201843
([9], [6]) 0.3842001259326935
([10], [7]) 0.35717204213142395
([11], [8]) 0.44722089171409607
([12], [9]) 0.6123132705688477
([13, 14, 15], [10]) 0.3123400807380676
([16, 17], [11]) 0.49521535634994507
([18, 19], [12]) 0.446352481842041
([20], [13]) 0.3534490466117859
([21, 22], [14]) 0.37150245904922485
([23], [15]) 0.2242700606584549
([24], [16]) 0.32868561148643494
([25, 26], [17]) 0.30064213275909424
([27], [18]) 0.3604186177253723
([28], [19]) 0.24424247443675995
([29], [20]) 0.6078140735626221
([30, 31], [21]) 0.2381213903427124
([32], [22]) 0.4632391333580017
([33], [23]) 0.4010924696922302
([34], [24]) 0.6698171496391296
([35], [25]) 0.4029533863067627
([36], [26]) 0.3242005407810211
([37], [27]) 0.6230394840240479
([38, 39, 40], [28]) 0.3339354594548543
([41], [29]) 0.22718286514282227
([42], [30]) 0.4460364282131195
([43], [31]) 0.40320277214050293
([44], [32]) 0.23610106110572815
([45, 46], [33]) 0.2675798535346985
([47, 48, 49], [34]) 0.2111188769340515
([50, 51, 52], [35]) 0.3612375259399414
([53], [36]) 0.2225506752729416
([54], [37]) 0.3407958149909973
([55], [38]) 0.41660842299461365
([56], [39]) 0.2234921008348465
([57], [40]) 0.4503897726535797
([58], [41]) 0.3540118634700775
([59], [42]) 0.19442632794380188
([60], [43]) 0.29455459117889404
([61, 62], [44]) 0.4459726810455322
([63], [45]) 0.2651572823524475
([64], [46]) 0.2650013267993927
([65], [47]) 0.303663969039917
([66], [48]) 0.3332151472568512
([67], [49]) 0.2866932451725006
([68], [50]) 0.3925683796405792
([69], [51]) 0.6263002753257751
([70], [52, 53]) 0.403473824262619
([71, 72], [54]) 0.4902245104312897
([73], [55]) 0.3198418617248535
([74, 75], [56]) 0.2224079966545105
([76], [57]) 0.44325289130210876
([77], [58]) 0.56406569480896
([78], [59]) 0.3155842125415802
([79], [60]) 0.5368345379829407
([80], [61]) 0.41610488295555115
([81], [62]) 0.2542969882488251
([82], [63, 64]) 0.2863253653049469
([83], [65]) 0.34179002046585083
([84], [66]) 0.3582472801208496
([85], [67]) 0.4596738815307617
([86, 87], [68]) 0.29853010177612305
([88], [69]) 0.6690152883529663
([89], [70]) 0.3992612361907959
([90], [71]) 0.8298876881599426
([91], []) 0.0
([92], [72]) 0.5330132842063904
([93], [73]) 0.42181122303009033
([94], [74]) 0.7800556421279907
([95], [75]) 0.5691334009170532
([96, 97], [76]) 0.40963685512542725
([98], [77]) 0.6435168385505676
([99], [78]) 0.4820775091648102
([100], [79]) 0.6312453746795654
([101], [80]) 0.5647151470184326
([102], [81]) 0.3298278748989105
([103], [82]) 0.47711142897605896
([104], [83]) 0.45884454250335693
([105], [84]) 0.3968352973461151
([106, 107], [85]) 0.44574129581451416
([108], [86]) 0.3825518786907196
([109], [87]) 0.5781755447387695
([110], [88]) 0.40297839045524597
([111], [89]) 0.4510732889175415
([112], [90]) 0.35995641350746155
([113, 114], [91]) 0.46711891889572144
([115], [92]) 0.49203360080718994
([116], [93]) 0.30865123867988586
([117], [94]) 0.3205277919769287
([118], [95]) 0.34799784421920776
([119, 120], [96]) 0.7114697694778442
([121], [97]) 0.5846293568611145
([122], [98]) 0.5996313095092773
([123, 124], [99]) 0.6286935806274414
([125], [100]) 0.37137719988822937
([126], [101]) 0.545657753944397
([127], [102]) 0.6217977404594421
([128], [103]) 0.5294552445411682
([129, 130], [104]) 0.327208012342453
([131], [105]) 0.4467375874519348
([132], [106]) 0.5310423374176025
([133], [107, 108]) 0.4869195222854614
([134], [109]) 0.6449124813079834
([135], [110]) 0.4828439950942993
([136], [111]) 0.306318074464798
([137], [112]) 0.3390280306339264
([138], [113]) 0.4611855149269104
([139], [114]) 0.25665193796157837
([140], [115]) 0.3756434917449951
([141], [116]) 0.4773674011230469
([142, 143], [117]) 0.5261309146881104
([144], [118]) 0.6653202772140503
([145], [119]) 0.3586397171020508
([146, 147], [120]) 0.4536374509334564
([148], [121]) 0.25767359137535095
([149], [122]) 0.2196923792362213
([150], [123]) 0.45306259393692017
([151], [124]) 0.6077783107757497
([152], [125]) 0.4241105914115906
([153], [126]) 0.40745437145233154
([154], [127]) 0.5063639879226685
([155], [128]) 0.4449593424797058
([156], [129]) 0.504085123538971
([157], [130]) 0.4108846187591553
([158], [131]) 0.38697487115859985
([159], [132]) 0.38119059801101685
([160], [133]) 0.3362894654273987
([161], [134]) 0.37824466824531555
([162], [135]) 0.297301322221756
([163], [136]) 0.7077531814575195
([164], [137]) 0.5642253160476685
([165], [138]) 0.6997393369674683
([166], [139]) 0.6433822512626648
([167, 168], [140]) 0.3275829553604126
([169], [141]) 0.7139837145805359
([170], [142]) 0.45238810777664185
([171], [143]) 0.40349721908569336
([172], [144]) 0.35292863845825195
([173], [145]) 0.35752424597740173
([174], [146]) 0.4256995916366577
([175, 176], [147]) 0.5335070490837097
([177], [148]) 0.37982138991355896
([178], [149]) 0.35260364413261414
([179], [150]) 0.41008180379867554
([180], [151]) 0.32469767332077026
([181], [152]) 0.4877914786338806
([182], [153]) 0.41012042760849
([183], [154]) 0.35113564133644104
([184], [155]) 0.4075833857059479
([185], [156]) 0.7142707705497742
([186], [157]) 0.4314572811126709
([187], [158]) 0.47425904870033264
([188], [159]) 0.3664322793483734
([189], [160]) 0.7300783395767212
([190], [161]) 0.32472479343414307
([191], [162]) 0.4025791585445404
([192], [163]) 0.30420222878456116
([193, 194], [164]) 0.2581910192966461
([195], [165]) 0.3850228786468506
([196], [166]) 0.28592947125434875
([197, 198], [167]) 0.2219965010881424
([199], [168]) 0.3844683766365051
([200], [169]) 0.36185699701309204
([201], [170]) 0.6950147151947021
([202], [171]) 0.4341592788696289
([203], [172]) 0.7363663911819458
([204], [173]) 0.6207919120788574
([205], [174]) 0.5191956758499146
([206], [175]) 0.415213942527771
([207], [176]) 0.5021148920059204
([208], [177]) 0.4996066987514496
([209], [178]) 0.41990363597869873
([210], [179]) 0.44406312704086304
([211, 212], [180]) 0.4131179451942444
([213, 214], [181]) 0.5042622685432434
([215], [182]) 0.5804089307785034
([216], [183]) 0.5393104553222656
([217], [184]) 0.25492796301841736
([218, 219], [185]) 0.39888375997543335
([220], [186]) 0.38231828808784485
([221], [187]) 0.3824598789215088
([222], [188]) 0.2684227526187897
([223], [189]) 0.46716180443763733
([224], [190]) 0.3086932301521301
([225], [191]) 0.4799693524837494
([226, 227], [192]) 0.4072839915752411
([228], [193]) 0.6007786393165588
([229], [194]) 0.9006581902503967
([230], [195]) 0.2571713924407959
([231], [196]) 0.4958062469959259
([232], [197]) 0.7268881797790527
([233], [198]) 0.5094953775405884
([234], [199]) 0.6709851026535034
([235], [200]) 0.62021404504776
([236], [201]) 0.4608532190322876
([237], [202]) 0.5939038395881653
([238], [203]) 0.8293165564537048
([239], [204]) 0.4860111176967621
([240], [205]) 0.6263625621795654
([241], [206]) 0.49782565236091614
([242], [207]) 0.4290010929107666
([243], [208, 209]) 0.4707023799419403
([244], [210]) 0.5559055209159851
([245], [211]) 0.44096672534942627
([246, 247], [212]) 0.531801164150238
([248], [213]) 0.5553420186042786
([249], [214]) 0.8004442453384399
([250], [215]) 0.32229846715927124
([251, 252], [216]) 0.4152410626411438
([253], [217]) 0.553307056427002
([254, 255], [218]) 0.4750843048095703
([256], [219]) 0.5178623795509338
([257], [220]) 0.31761136651039124
([258], [221]) 0.7767168879508972
([259], [222]) 0.684558629989624
([260], [223]) 0.5861208438873291
([261], [224]) 0.5162125825881958
([262], [225]) 0.3213956356048584
([263], [226]) 0.3583802282810211
([264], [227]) 0.5007917881011963
([265], [228]) 0.3048478364944458
([266], [229]) 0.2605396807193756
([267], [230]) 0.33664557337760925
([268], [231]) 0.5723051428794861
([269], [232]) 0.32508397102355957
([270], [233]) 0.533565104007721
([271], [234, 235]) 0.2934563457965851
([272], [236]) 0.33473461866378784
([273], [237]) 0.2463032454252243
([274], [238]) 0.3010866045951843
([275], [239]) 0.3054983615875244
([276], [240]) 0.730572521686554
([277, 278], [241]) 0.30469638109207153
([279], [242]) 0.359328955411911
([280], [243]) 0.3951146602630615
([281], [244]) 0.3401874601840973
([282], [245]) 0.21516253054141998
([283], [246]) 0.3185940682888031
([284], [247]) 0.41556045413017273
([285], [248]) 0.26304197311401367
([286], [249]) 0.7243021726608276
([287], [250]) 0.4950251579284668
([288], [251]) 0.45541268587112427
([289], [252]) 0.4758368730545044
([290], [253]) 0.35660484433174133
([291], [254]) 0.35803091526031494
([292], [255]) 0.9171820282936096
([293], [256]) 0.5405074954032898
([294], [257]) 0.4932664930820465
([295], [258, 259]) 0.3686427175998688
([296], [260]) 0.29631075263023376
([297], [261]) 0.7466124296188354
([298], [262]) 0.19906672835350037
([299], [263]) 0.5360651016235352
([300], [264]) 0.2800874710083008
([301], [265]) 0.4145468771457672
([302, 303], [266]) 0.504201352596283
([304], [267]) 0.8238247036933899
([305], [268]) 0.6473203897476196
([306], [269]) 0.4138118624687195
([307], [270]) 0.47065767645835876
([308], [271]) 0.46352237462997437
([309, 310], [272]) 0.5486847162246704
([311], [273]) 0.3732079565525055
([312], [274]) 0.3963138461112976
([313], [275]) 0.5134605765342712
([314], [276]) 0.5803776383399963
([315], [277]) 0.2849982678890228
([316], [278]) 0.3028462827205658
([317], [279]) 0.6375609040260315
([318], [280]) 0.5048153400421143
([319], [281]) 0.34178873896598816
([320], [282]) 0.5006564259529114
([321], [283, 284]) 0.2685803771018982
([322], [285]) 0.2930185794830322
([323], [286]) 0.3061671257019043
([324], [287]) 0.25771379470825195
([325], [288]) 0.38726499676704407
([326], [289]) 0.3948419392108917
([327], [290]) 0.5739869475364685
([328], [291]) 0.48020902276039124
([329], [292]) 0.36969897150993347
([330], [293]) 0.42137327790260315
([331], [294]) 0.20648570358753204
([332], [295]) 0.4418196976184845
([333], [296]) 0.44197389483451843
([334], [297]) 0.5326069593429565
([335], [298]) 0.2840188145637512
([336], [299]) 0.2515730857849121
([337], [300]) 0.6253066062927246
([338], [301]) 0.46977636218070984
([339], [302]) 0.43303269147872925
([340], [303]) 0.4468165636062622
([341], [304]) 0.3238662779331207
([342], [305]) 0.6727887988090515
([343], [306]) 0.3730553090572357
([344, 345], [307]) 0.3533617854118347
([346], [308]) 0.534041702747345
([347, 348], [309]) 0.41861844062805176
([349], [310]) 0.349155992269516
([350], [311]) 0.4921514093875885
([351], [312]) 0.20102590322494507
([352], [313]) 0.7159379720687866
([353], [314]) 0.36896827816963196
([354], [315]) 0.3309870958328247
([355], [316]) 0.44958528876304626
([356], [317]) 0.39922067523002625
([357], [318]) 0.5073410272598267
([358], [319]) 0.3512154221534729
([359], [320]) 0.764388918876648
([360], [321]) 0.686398446559906
([361, 362], [322]) 0.5112101435661316
([363], [323]) 0.4606403410434723
([364], [324]) 0.3682558238506317
([365, 366], [325]) 0.3750045895576477
([367], [326]) 0.5359954833984375
([368], [327]) 0.3496915102005005
([369, 370, 371, 372, 373, 374], [328]) 0.3212860623995463
([375], [329]) 0.27050676941871643
([376], [330]) 0.4354688823223114
([377, 378], [331]) 0.49572426080703735
([379], [332]) 0.5076901316642761
([380], [333]) 0.4349839687347412
([381, 382], [334]) 0.38627123832702637
([383], [335]) 0.4332841634750366
([384], [336]) 0.48383957147598267
([385, 386], [337]) 0.38872918486595154
([387], [338]) 0.555186927318573
([388, 389], [339]) 0.4919035732746124
([390], [340]) 0.4050241708755493
([391], [341]) 0.5822568535804749
([392], [342]) 0.6597623229026794
([393], [343]) 0.5433304309844971
([394], [344]) 0.4743441939353943
([395], [345]) 0.8688074946403503
([396], [346]) 0.5533459782600403
([397, 398], [347]) 0.32458093762397766
([399], [348]) 0.5396409034729004
([400], [349]) 0.3879394829273224
([401], [350]) 0.37493810057640076
([402], [351]) 0.6244320273399353
([403], [352]) 0.3744034171104431
([404], [353]) 0.5143389701843262
([405], [354]) 0.46242648363113403
([406], [355]) 0.6274421811103821
([407], [356]) 0.5610309839248657
([408], [357]) 0.38199958205223083
([409], [358]) 0.3630838692188263
([410], [359]) 0.5234611630439758
([411], [360]) 0.5223801732063293
([412, 413], [361]) 0.5092474818229675
([414], [362]) 0.5477897524833679
([415], [363]) 0.5885818004608154
([416], [364]) 0.4188630282878876
([417], [365]) 0.5411070585250854
([418], [366]) 0.4023669958114624
([419], [367]) 0.36207184195518494
([420], [368]) 0.4268629550933838
([421], [369]) 0.47142937779426575
([422], [370]) 0.7006802558898926
([423], [371]) 0.28166526556015015
([424, 425], [372]) 0.21643191576004028
([426, 427], [373]) 0.5877189636230469
([428], [374]) 0.5254690647125244
([429], [375, 376, 377]) 0.383328636487325
([430], [378]) 0.6784111857414246
([431], [379]) 0.39440688490867615
([432], [380]) 0.4278414249420166
([433], [381]) 0.5859891176223755
([434], [382]) 0.47948595881462097
([435], [383]) 0.4985925555229187
([436], [384]) 0.3448041081428528
([437, 438], [385]) 0.4993302524089813
([439, 440], [386]) 0.39143165946006775
([441], [387]) 0.3900608718395233
([442], [388]) 0.43851569294929504
([443], [389]) 0.4169561266899109
([444, 445], [390]) 0.49879729747772217
([446], [391, 392]) 0.51882004737854
([447], [393]) 0.30175265669822693
([448], [394]) 0.530922532081604
([449], [395]) 0.5574580430984497
([450], [396]) 0.5708109736442566
([451], [397]) 0.32876840233802795
([452], [398]) 0.26701968908309937
([453], [399]) 0.6690943837165833
([454], [400]) 0.3566729724407196
([455], [401, 402]) 0.5766491889953613
([456], [403]) 0.43207111954689026
([457], [404]) 0.46035444736480713
([458], [405]) 0.523304283618927
([459, 460, 461], [406]) 0.5516424576441447
([462], [407]) 0.5256404876708984
([463], [408]) 0.6443561315536499
([464], [409]) 0.7204097509384155
([465], [410]) 0.516318142414093
([466, 467], [411]) 0.3530350625514984
([468, 469], [412]) 0.6238012313842773
([470, 471], [413]) 0.5042749643325806
([472], [414]) 0.49040839076042175
([473], [415]) 0.6526339054107666
([474, 475, 476], [416]) 0.5398086706797282
([477], [417]) 0.47411298751831055
([478], [418]) 0.4619370102882385
([479], [419]) 0.506393551826477
([480], [420, 421]) 0.3717416226863861
([481], [422]) 0.5690813660621643
([482], [423]) 0.6162578463554382
([483], [424]) 0.7722262740135193
([484], [425]) 0.6150236129760742
([485], [426]) 0.5376983880996704
([486], [427, 428]) 0.5346655249595642
([487], [429]) 0.5452883839607239
([488], [430]) 0.4895106554031372
([489], [431]) 0.42402195930480957
([490], [432]) 0.5226063132286072
([491], [433]) 0.3925858438014984
([492], [434]) 0.4002644717693329
([493], [435]) 0.5891478657722473
([494], [436, 437]) 0.6508368253707886
([495], [438]) 0.626697838306427
([496], [439]) 0.5105657577514648
([497], [440]) 0.5425325036048889
([498], [441]) 0.25671306252479553
([499], [442]) 0.38028568029403687
([500, 501], [443]) 0.4744839370250702
