([0], [0]) 0.46074387431144714
([1], [1]) 0.5592494010925293
([2, 3], [2]) 0.4991235136985779
([4, 5, 6], [3]) 0.3823424180348714
([7, 8], [4]) 0.48092207312583923
([9], [5]) 0.4326976537704468
([10, 11], [6]) 0.4830215573310852
([12, 13, 14, 15], [7]) 0.5569600462913513
([16], [8]) 0.47427359223365784
([17, 18], [9]) 0.43366047739982605
([19], [10, 11]) 0.35132887959480286
([20], [12]) 0.5869722962379456
([21], [13]) 0.33473414182662964
([22], [14]) 0.37675485014915466
([23], [15]) 0.36727240681648254
([24], [16]) 0.5391635298728943
([25], [17]) 0.35112857818603516
([26], [18]) 0.39617547392845154
([27], [19]) 0.737949788570404
([28], [20]) 0.6513026356697083
([29], [21]) 0.4379267394542694
([30], [22]) 0.733367383480072
([31], [23]) 0.5254865288734436
([32], [24]) 0.5223132371902466
([33], [25]) 0.8911231756210327
([34], [26]) 0.4049578905105591
([35], [27]) 0.7282106280326843
([36, 37, 38], [28]) 0.5144430796305338
([39], [29]) 0.3790130913257599
([40], [30]) 0.43802547454833984
([41], [31]) 0.43347078561782837
([42], [32]) 0.3710895776748657
([43], [33]) 0.5385047197341919
([44], [34]) 0.7057010531425476
([45], [35]) 0.49019795656204224
([46], [36]) 0.6806105375289917
([47, 48, 49], [37]) 0.4547601540883382
([50], [38]) 0.5922808051109314
([51], [39]) 0.7095471620559692
([52], [40]) 0.4281357526779175
([53], [41]) 0.6313786506652832
([54, 55], [42]) 0.3194064199924469
([56], [43]) 0.45501458644866943
([57], [44]) 0.8104795813560486
([58], [45]) 0.45316484570503235
([59], [46]) 0.6352935433387756
([60], [47]) 0.5504773259162903
([61], [48]) 0.5395370125770569
([62], [49]) 0.5256562829017639
([63], [50]) 0.3884175419807434
([64], [51]) 0.3401641845703125
([65], [52]) 0.40512797236442566
([66], [53]) 0.40373867750167847
([67], [54]) 0.6764767169952393
([68], [55]) 0.6220448613166809
([69], [56]) 0.40618592500686646
([70], [57]) 0.8064439296722412
([71], [58]) 0.34900525212287903
([72], [59]) 0.8406862616539001
([73], [60]) 0.50435471534729
([74], [61]) 0.4246844947338104
([75], [62]) 0.4504648745059967
([76, 77], [63]) 0.48659583926200867
([78], [64]) 0.39178046584129333
([79], [65]) 0.3037365972995758
([80], [66]) 0.6247515678405762
([81], [67]) 0.5037241578102112
([82], [68]) 0.3956035077571869
([83], [69]) 0.4330354630947113
([84], [70, 71]) 0.2830944061279297
([85], [72]) 0.677126407623291
([86, 87, 88], [73]) 0.4971506595611572
([89], [74]) 0.3687731623649597
([90], [75]) 0.362069308757782
([91], [76]) 0.4075937867164612
([92], [77]) 0.8253782987594604
([93, 94, 95, 96], [78]) 0.6261953115463257
([97, 98, 99], [79]) 0.5023620128631592
([100], [80]) 0.48779818415641785
([101], [81]) 0.5121082067489624
([102], [82]) 0.3942166566848755
([103], [83]) 0.33372312784194946
([104, 105], [84]) 0.6311203241348267
([106], [85]) 0.4726862609386444
([107], [86]) 0.4362861216068268
([108], [87]) 0.5359209179878235
([109], [88]) 0.2939601242542267
([110], [89]) 0.4038708806037903
([111], [90, 91]) 0.4985280930995941
([112], [92]) 0.8811735510826111
([113], [93]) 0.7018657326698303
([114], [94]) 0.48258838057518005
([115], [95]) 0.41899025440216064
([116], [96]) 0.4382703900337219
([117], [97]) 0.38932478427886963
([118], [98]) 0.6035191416740417
([119], [99]) 0.27531930804252625
([120], [100, 101]) 0.5311278700828552
([121], [102]) 0.5168783068656921
([122], [103]) 0.5575916767120361
([123], [104]) 0.38490983843803406
([124], [105, 106]) 0.5497314929962158
([125], [107, 108]) 0.407166063785553
([126], [109]) 0.5783384442329407
([127], [110]) 0.48646730184555054
([128], [111]) 0.5492092967033386
([129, 130], [112]) 0.38680022954940796
([131], [113]) 0.5124390125274658
([132, 133], [114]) 0.6527433395385742
([134], [115]) 0.5412202477455139
([135], [116]) 0.24575726687908173
([136], [117]) 0.46584880352020264
([137], [118]) 0.3508071005344391
([138], [119]) 0.5740979313850403
([139, 140], [120]) 0.4728912115097046
([141], [121, 122]) 0.49199944734573364
([142], [123]) 0.4042201340198517
([143], [124, 125]) 0.4560915231704712
([144], [126]) 0.751065194606781
([145], [127]) 0.6934086680412292
([146], [128]) 0.9659419655799866
([147], [129]) 0.6715386509895325
([148], [130]) 0.5674203634262085
([149], [131]) 0.5348100066184998
([150], [132]) 0.6107603311538696
([151], [133]) 0.4116772413253784
([152], [134]) 0.8054941296577454
([153], [135, 136]) 0.4617158770561218
([154], [137]) 0.8784348964691162
([155], [138]) 0.43230098485946655
([156], [139, 140]) 0.4728957414627075
([157], [141]) 0.5156541466712952
([158], [142]) 0.43551164865493774
([159], [143]) 0.8092629313468933
([160], [144]) 0.5872882604598999
([161], [145]) 0.5763903260231018
([162], [146]) 0.6989869475364685
([163, 164], [147]) 0.4811851382255554
([165], [148]) 0.7224306464195251
([166], [149]) 0.5613951086997986
([167, 168, 169], [150]) 0.3500940402348836
([170], [151]) 0.5918828248977661
([171], [152]) 0.5617743730545044
([172], [153]) 0.5073294639587402
([173], [154]) 0.4986092150211334
([174], [155]) 0.521837592124939
([175], [156]) 0.8985493183135986
([176], [157]) 0.3792194724082947
([177], [158]) 0.3224126100540161
([178], [159]) 0.7029720544815063
([179], [160]) 0.4034791886806488
([180], [161]) 0.48498064279556274
([181], [162, 163]) 0.611644983291626
([182], [164]) 0.481009840965271
([183], [165]) 0.36325228214263916
([184], [166]) 0.5031195878982544
([185, 186], [167]) 0.6081661581993103
([187], [168]) 0.4255661070346832
([188, 189], [169]) 0.5386472344398499
([190], [170]) 0.43993908166885376
([191], [171]) 0.5335310697555542
([192], [172]) 0.4584352374076843
([193], [173]) 1.0436346530914307
([194], [174]) 0.5085045099258423
([195], [175]) 0.5184178352355957
([196], [176]) 0.40335702896118164
([197, 198], [177]) 0.5347394347190857
([199, 200, 201, 202], [178]) 0.4891566336154938
([203], [179]) 0.45976051688194275
([204, 205, 206, 207], [180]) 0.47402462363243103
([208, 209], [181]) 0.5668904185295105
([210, 211], [182]) 0.603359043598175
([212], [183]) 0.37157878279685974
([213], [184]) 0.5395826697349548
([214], [185]) 0.7024691104888916
([215], [186]) 0.4965519309043884
([216], [187]) 0.5302247405052185
([217], [188]) 0.422882616519928
([218], [189]) 0.4724501371383667
([219], [190, 191]) 0.4964793622493744
([220, 221], [192]) 0.3394821584224701
([222], [193]) 0.6154981255531311
([223], [194]) 0.45528867840766907
([224], [195]) 0.358603298664093
([225], [196]) 0.3484257757663727
([226], [197]) 0.9464154243469238
([227], [198]) 0.617052435874939
([228], [199]) 0.4842712879180908
([229], [200]) 0.46360650658607483
([230], [201]) 0.5460243821144104
([231], [202]) 0.34493115544319153
([232], [203]) 0.39891377091407776
([233], [204]) 0.4949142336845398
([234], [205]) 0.8299590945243835
([235], [206]) 0.5726203322410583
([236], [207]) 0.3485891819000244
([237], [208]) 0.4419006109237671
([238], [209]) 0.5061272382736206
([239], [210]) 0.3968864977359772
([240], [211]) 0.3977685272693634
([241], [212]) 0.4290999174118042
([242], [213]) 0.44088590145111084
([243], [214]) 0.5719252228736877
([244], [215]) 0.4172145426273346
([245], [216]) 0.3626120388507843
([246], [217]) 0.5456494092941284
([247], [218]) 0.6582872271537781
([248], [219]) 0.4872308075428009
([249], [220]) 0.640802800655365
([250], [221]) 0.528030514717102
([251], [222]) 1.0327717065811157
([252], [223]) 0.49758270382881165
([253], [224]) 0.41493624448776245
([254], [225]) 0.5103509426116943
([255], [226]) 0.48257946968078613
([256], [227]) 0.3749120831489563
([257], [228]) 0.4416865408420563
([258], [229]) 0.373405784368515
([259, 260], [230]) 0.39785119891166687
([261], [231]) 0.5067574381828308
([262], [232, 233]) 0.5850171446800232
([263], [234]) 1.0324078798294067
([264], [235]) 0.5721392035484314
([265], [236]) 0.8325161337852478
([266], [237]) 0.555802047252655
([267], [238]) 0.3292902708053589
([268], [239]) 0.4794069826602936
([269], [240]) 0.49319788813591003
([270], [241]) 0.2871243953704834
([271], [242]) 0.6232501864433289
([272], [243]) 0.8082127571105957
([273], [244]) 0.4530908465385437
([274], [245]) 0.6454711556434631
([275], [246]) 0.29990267753601074
([276], [247]) 0.4900824725627899
([277], [248]) 0.3726866841316223
([278, 279], [249]) 0.31165042519569397
([280], [250]) 0.3789621591567993
([281], [251]) 0.7717615365982056
([282], [252]) 0.48209530115127563
([283], [253]) 0.5041225552558899
([284], [254]) 0.5075498223304749
([285], [255, 256]) 0.6095577478408813
([286], [257]) 0.8293741941452026
([287], [258]) 0.30762770771980286
([288, 289], [259]) 0.45097824931144714
([290, 291], [260]) 0.41313260793685913
([292], [261, 262]) 0.5481953024864197
([293], [263]) 0.17891380190849304
([294], [264]) 0.3675755262374878
([295], [265, 266]) 0.30647578835487366
([296], [267]) 0.46200355887413025
([297], [268]) 0.5250981450080872
([298], [269]) 0.4615751802921295
([299], [270]) 0.3701476752758026
([300], [271]) 0.47980767488479614
([301], [272]) 0.4345298409461975
([302], [273]) 0.459669828414917
([303], [274, 275]) 0.7405405640602112
([304], [276]) 0.444006085395813
([305], [277]) 0.6290108561515808
([306], [278]) 0.4893154203891754
([307], [279]) 0.7801415920257568
([308], [280]) 0.4789915680885315
([309], [281]) 0.5900394916534424
([310], [282]) 0.6793767213821411
([311], [283]) 0.4856003224849701
([312], [284]) 0.31597235798835754
([313], [285]) 0.7480413913726807
([314], [286]) 0.2353801280260086
([315], [287]) 0.6020392775535583
([316], [288]) 0.5274714231491089
([317], [289]) 0.5710895657539368
([318], [290]) 0.769079327583313
([319], [291]) 0.690088152885437
([320], [292]) 0.7345919013023376
([321], [293]) 0.5865189433097839
([322], [294]) 0.8336042165756226
([323], [295]) 0.370146781206131
([324], [296]) 0.5296794176101685
([325], [297]) 0.7815547585487366
([326], [298]) 0.5263474583625793
([327, 328], [299]) 0.46115174889564514
([329], [300]) 0.3839898705482483
([330], [301]) 0.5024467706680298
([331], [302]) 0.40171030163764954
([332], [303]) 0.361706018447876
([333], [304]) 0.5588272213935852
([334], [305]) 0.539117693901062
([335], [306]) 0.518511176109314
([336], [307]) 0.24293632805347443
([337], [308]) 0.45701995491981506
([338], [309]) 0.6571515798568726
([339], [310]) 0.3657887578010559
([340], [311]) 0.5073856711387634
([341], [312]) 0.5249016284942627
([342], [313]) 0.5199974179267883
([343], [314]) 0.40359029173851013
([344], [315]) 0.4284784197807312
([345], [316]) 0.5041928887367249
([346], [317]) 0.4236307442188263
([347], [318]) 0.40931689739227295
([348, 349], [319]) 0.3052622973918915
([350], [320]) 0.5450000762939453
([351], [321]) 0.4438462555408478
([352], [322]) 0.5637745261192322
([353], [323]) 0.5398373007774353
([354], [324]) 0.7258158326148987
([355], [325]) 0.24054309725761414
([356], [326]) 0.5797948837280273
([357], [327]) 0.4996335208415985
([358], [328]) 0.3419185280799866
([359], [329]) 0.3792905807495117
([360], [330]) 0.533561110496521
([361], [331]) 0.5981549620628357
([362], [332]) 0.41818922758102417
([363], [333]) 0.8016499280929565
([364], [334]) 0.4684262275695801
([365], [335]) 0.5387169718742371
([366], [336]) 0.5881722569465637
([367], [337]) 0.34043413400650024
([368], [338]) 0.27177923917770386
([369], [339]) 0.6150997877120972
([370], [340]) 0.4552842378616333
([371], [341]) 0.4794468879699707
([372], [342]) 0.49777063727378845
([373], [343]) 0.44414404034614563
([374], [344]) 0.47941094636917114
([375], [345]) 0.7589194774627686
([376], [346]) 0.4994520843029022
([377], [347]) 0.590580403804779
([378], [348]) 0.5560636520385742
([379], [349]) 0.5897108912467957
([380], [350]) 0.5050904750823975
([381], [351]) 0.49509909749031067
([382], [352]) 0.6465553641319275
([383], [353]) 0.25829026103019714
([384], [354]) 0.5925770998001099
([385], [355]) 0.3834637999534607
([386], [356]) 0.4413394331932068
([387], [357]) 0.31563130021095276
([388], [358]) 0.6017033457756042
([389], [359]) 0.29959195852279663
([390], [360]) 0.45833808183670044
([391], [361]) 0.5139601230621338
([392], [362]) 0.5769851207733154
([393], [363]) 0.41395142674446106
([394], [364]) 0.559188723564148
([395], [365]) 0.7783756256103516
([396], [366]) 0.4307744801044464
([397], [367]) 0.5215002298355103
([398], [368]) 0.6939664483070374
([399], [369]) 0.7410016059875488
([400], [370]) 0.705209493637085
([401, 402], [371]) 0.44528263807296753
([403], [372]) 0.45656606554985046
([404], [373, 374, 375]) 0.3757022221883138
([405], [376]) 0.7782705426216125
([406], [377]) 0.5607240796089172
([407], [378]) 0.38407301902770996
([408], [379]) 0.43538305163383484
([409], [380]) 0.4703923463821411
([410], [381, 382]) 0.43214407563209534
([411, 412], [383]) 0.6276673674583435
([413], [384]) 0.6130865216255188
([414], [385]) 0.5849175453186035
([415], [386]) 0.6369277834892273
([416], [387]) 0.4887556731700897
([417], [388, 389]) 0.5789539217948914
([418], [390]) 0.8251471519470215
([419], [391]) 0.29577580094337463
([420], [392]) 0.6890876293182373
([421], [393, 394]) 0.29872041940689087
([422], [395]) 0.5015196204185486
([423, 424], [396]) 0.5945061445236206
([425], [397]) 0.4529811441898346
([426], [398]) 0.7300450205802917
([427], [399]) 0.4945313334465027
([428], [400]) 0.4012874662876129
([429], [401]) 0.6810135841369629
([430], [402]) 0.5187434554100037
([431, 432], [403]) 0.5820422768592834
([433], [404]) 0.3694007098674774
([434], [405]) 0.5328547358512878
([435], [406]) 0.4609845280647278
([436], [407]) 0.4625793993473053
([437], [408]) 0.5662870407104492
([438], [409]) 0.501193642616272
([439], [410]) 0.5574102401733398
([440], [411, 412]) 0.42115989327430725
([441], [413]) 0.7680481672286987
([442], [414]) 0.3818661570549011
([443], [415]) 0.5835427641868591
([444], [416]) 0.5914779901504517
([445], [417]) 0.530759871006012
([446], [418]) 0.533269464969635
([447], [419]) 0.4947468340396881
([448], [420]) 0.5210858583450317
([449], [421]) 0.4799576997756958
([450], [422]) 0.2481611967086792
([451], [423]) 0.23224328458309174
([452], [424]) 0.5789510011672974
([453], [425]) 0.6279675364494324
([454], [426]) 0.3090018928050995
([455, 456], [427]) 0.6589287519454956
([457], [428]) 0.41769373416900635
([458], [429]) 0.391222208738327
([459], [430]) 0.3146858513355255
([460, 461], [431]) 0.509489119052887
([462], [432]) 0.4957457482814789
([463], [433]) 0.5660584568977356
([464], [434]) 0.8578281998634338
([465], [435]) 0.3527386486530304
([466], [436]) 0.42882221937179565
([467], [437]) 0.3337797224521637
([468], [438]) 0.7154186964035034
([469], [439]) 0.4635007083415985
([470], [440]) 0.45184746384620667
([471], [441]) 0.39963164925575256
([472], [442]) 0.9504830241203308
([473, 474, 475, 476], [443]) 0.30601105093955994
([477], [444]) 0.31079182028770447
([478], [445]) 0.646256685256958
([479, 480], [446]) 0.4960845410823822
([481], [447]) 0.4172622561454773
([482], [448]) 0.24028724431991577
([483], [449]) 0.3177469074726105
([484], [450]) 0.3954240381717682
([485], [451]) 0.39775580167770386
([486], [452]) 0.4586004912853241
([487], [453]) 0.4017724096775055
([488], [454]) 0.5218639373779297
([489], [455]) 0.48254501819610596
([490], [456]) 0.5119417309761047
([491], [457]) 0.5854283571243286
([492], [458]) 0.5417212247848511
([493], [459]) 0.6035482883453369
([494], [460]) 0.6562538743019104
([495], [461]) 0.9133726954460144
([496], [462]) 0.6808295845985413
([497], [463]) 0.41918593645095825
([498], [464]) 0.5939964652061462
([499], [465]) 0.38581186532974243
([500], [466]) 0.313915491104126
([501], [467]) 0.3458173871040344
([502, 503], [468]) 0.4231886863708496
([504], [469]) 0.4438284635543823
([505], [470]) 0.33823516964912415
([506], [471]) 0.5886054039001465
([507], [472]) 0.5551671981811523
([508], [473]) 0.4176212549209595
([509], [474]) 0.42944830656051636
([510], [475]) 0.44740310311317444
([511], [476]) 0.5413803458213806
([512], [477]) 0.4037413001060486
([513], [478]) 0.49990928173065186
([514], [479]) 0.5222435593605042
([515], [480]) 0.6946262717247009
([516], [481]) 0.547598659992218
([517], [482]) 0.7285211682319641
([518], [483]) 0.5945920348167419
([519], [484]) 0.4709010422229767
([520], [485]) 0.3738088309764862
([521], [486]) 0.47401559352874756
([522], [487]) 0.561534583568573
([523], [488]) 0.4525497555732727
([524], [489]) 0.7221723198890686
([525], [490]) 0.7213863730430603
([526], [491]) 0.4281918704509735
([527, 528], [492]) 0.6425420641899109
([529], [493]) 0.3530902564525604
([530], [494]) 0.5516310334205627
([531], [495]) 0.4720309376716614
([532], [496]) 0.7953714728355408
([533], [497]) 0.3874187767505646
([534], [498]) 0.731967568397522
([535], [499]) 0.39845332503318787
([536, 537], [500]) 0.43624603748321533
([538], [501]) 0.2975374162197113
([539], [502]) 0.36105412244796753
([540], [503]) 0.3913816511631012
([541], [504]) 0.3690429925918579
([542], [505]) 0.6033673882484436
([543], [506, 507]) 0.6917955279350281
([544], [508]) 0.4398968517780304
([545], [509]) 0.5326825976371765
([546], [510]) 0.46048951148986816
([547], [511]) 0.6250404119491577
([548], [512]) 0.6010536551475525
([549], [513]) 0.49778109788894653
([550], [514]) 0.777285099029541
([551], [515]) 0.4364570677280426
([552], [516]) 0.46588608622550964
([553], [517]) 0.5233964920043945
([554], [518]) 0.5964406728744507
([555], [519]) 0.5079705715179443
([556], [520]) 0.43093523383140564
([557], [521]) 0.46142494678497314
([558], [522]) 0.8166626691818237
([559], [523]) 0.606389045715332
([560, 561], [524]) 0.4415627419948578
([562], [525]) 0.6644774675369263
([563], [526]) 0.44007644057273865
([564], [527]) 0.5527257323265076
([565], [528]) 0.296291321516037
([566], [529]) 0.5784335136413574
([567], [530]) 0.37610703706741333
([568], [531]) 0.6198367476463318
([569], [532]) 0.3295142948627472
([570, 571], [533]) 0.5953805446624756
([572], [534]) 0.39485806226730347
([573], [535]) 0.4301678538322449
([574], [536]) 0.458003431558609
([575], [537]) 0.5157764554023743
([576], [538]) 0.6149833798408508
([577], [539]) 0.3034225106239319
([578], [540]) 0.37790268659591675
([579], [541]) 0.4114735722541809
([580], [542]) 0.4570719599723816
([581], [543]) 0.43796899914741516
([582], [544]) 0.34739625453948975
([583], [545]) 0.3784033954143524
([584], [546, 547]) 0.45316749811172485
([585], [548]) 0.42886632680892944
([586], [549]) 0.7787545323371887
([587], [550]) 0.5490217208862305
([588], [551]) 0.6123582720756531
([589], [552]) 0.6706601977348328
([590], [553]) 0.6071098446846008
([591], [554]) 0.362238347530365
([592], [555]) 0.4815452992916107
([593], [556]) 0.5047804713249207
([594], [557]) 0.5018358826637268
([595], [558]) 0.4046437442302704
([596], [559]) 0.5530750155448914
([597], [560]) 0.410486102104187
([598], [561]) 0.6586622595787048
([599], [562]) 0.6261120438575745
([600], [563]) 0.7257294654846191
([601], [564, 565]) 0.580397367477417
([602], [566]) 0.6793527007102966
([603], [567]) 0.37668082118034363
([604], [568]) 0.5155016779899597
([605], [569]) 0.3623596131801605
([606], [570]) 0.39091217517852783
([607], [571]) 0.49604159593582153
([608, 609], [572]) 0.4621535539627075
([610], [573]) 0.3985849618911743
([611], [574]) 0.3248537480831146
([612, 613], [575]) 0.4702368378639221
([614], [576]) 0.4427547752857208
([615], [577]) 0.49029120802879333
([616], [578]) 0.36087170243263245
([617], [579]) 0.35119858384132385
([618], [580]) 0.4993470311164856
([619], [581]) 0.5894724726676941
([620], [582]) 0.34819453954696655
([621], [583]) 0.752727210521698
([622, 623], [584]) 0.5295360684394836
([624], [585]) 0.3859514594078064
([625], [586]) 0.5067024230957031
([626], [587]) 0.4223003685474396
([627], [588]) 0.42229095101356506
([628], [589]) 0.39900022745132446
([629], [590]) 0.4506683349609375
([630], [591]) 0.6025475859642029
([631], [592]) 0.5628482699394226
([632], [593]) 0.43142998218536377
([633, 634], [594]) 0.40780389308929443
([635], [595]) 0.29078584909439087
([636], [596]) 0.5045655369758606
([637], [597]) 0.538934588432312
([638], [598]) 0.44208481907844543
([639], [599]) 0.30400311946868896
([640], [600]) 0.340393990278244
([641], [601]) 0.56910240650177
([642], [602]) 0.6380282640457153
([643], [603]) 0.4416144788265228
([644], [604]) 0.32658079266548157
([645], [605]) 0.5790833234786987
([646], [606]) 0.6721426248550415
([647, 648], [607]) 0.49943193793296814
([649], [608]) 1.0058515071868896
([650], [609]) 0.3182046115398407
([651], [610]) 0.30598580837249756
([652], [611]) 0.5554450750350952
([653], [612]) 0.2493731826543808
([654], [613]) 0.2959129214286804
([655, 656], [614]) 0.4300743341445923
([657], [615]) 0.642051637172699
([658], [616]) 0.5115959644317627
([659], [617]) 0.34980759024620056
([660], [618]) 0.5709934234619141
([661], [619]) 0.3907511234283447
([662], [620]) 0.6570309996604919
([663], [621]) 0.5857123732566833
([664, 665], [622]) 0.501968264579773
([666], [623]) 0.604099690914154
([667], [624]) 0.8336730003356934
([668], [625, 626]) 0.5317667126655579
([669], [627]) 0.4083113372325897
([670], [628]) 0.5341407060623169
([671], [629]) 0.46830523014068604
([672], [630]) 0.427056223154068
([673], [631]) 0.6589042544364929
([674], [632]) 0.5373712778091431
([675], [633]) 0.5129262804985046
([676], [634]) 0.4207523465156555
([677, 678], [635]) 0.537402868270874
([679], [636]) 0.3462524712085724
([680], [637]) 0.8206865787506104
([681], [638]) 0.6793871521949768
([682], [639]) 0.43598148226737976
([683], [640]) 0.5633230209350586
([684], [641]) 0.5515404343605042
([685], [642]) 0.296303927898407
([686], [643]) 0.39372655749320984
([687], [644]) 0.4006579518318176
([688], [645]) 0.43799036741256714
([689], [646]) 0.46946263313293457
([690, 691], [647]) 0.462388277053833
([692], [648]) 0.3517910838127136
([693], [649]) 0.7389072179794312
([694], [650]) 0.2655801773071289
([695], [651]) 0.5408175587654114
([696, 697], [652]) 0.544589638710022
([698], [653]) 0.32188212871551514
([699], [654]) 0.4270244538784027
([700], [655]) 0.5662654042243958
([701], [656]) 0.3893936574459076
([702], [657]) 0.3528149127960205
([703], [658]) 0.5461516380310059
([704], [659]) 0.42666834592819214
([705, 706], [660]) 0.6729147434234619
([707], [661]) 0.5206250548362732
([708], [662]) 0.5657293796539307
([709], [663]) 0.4975191652774811
([710], [664]) 0.5822949409484863
([711], [665]) 0.4943980276584625
([712, 713], [666]) 0.5431782007217407
([714], [667]) 0.45481136441230774
([715], [668]) 0.43754929304122925
([716], [669]) 0.39445316791534424
([717], [670]) 0.3746168911457062
([718], [671]) 0.5160583853721619
([719], [672]) 0.40595611929893494
([720, 721], [673]) 0.44014972448349
([722], [674]) 0.37073010206222534
([723], [675]) 0.2012024223804474
([724], [676]) 0.5097398161888123
([725], [677]) 0.5838212966918945
([726], [678]) 0.3101796507835388
([727], [679]) 0.30679094791412354
([728], [680]) 0.303869366645813
([729], [681]) 0.4745522141456604
([730], [682, 683]) 0.4739614427089691
([731], [684]) 0.8238053917884827
([732], [685]) 0.27078911662101746
([733], [686]) 0.5237471461296082
([734], [687]) 0.5026427507400513
([735], [688]) 0.4101260006427765
([736], [689]) 0.36207911372184753
([737], [690]) 0.5570868849754333
([738], [691]) 0.6935991644859314
([739, 740], [692]) 0.4603576362133026
([741, 742], [693]) 0.4095901846885681
([743], [694]) 0.5341911911964417
([744], [695]) 0.45201507210731506
([745], [696, 697]) 0.502377986907959
([746], [698]) 0.37289658188819885
([747], [699]) 0.2473691999912262
([748], [700]) 0.6405344009399414
([749], [701]) 0.4104546308517456
([750], [702]) 0.507082998752594
([751], [703]) 0.671836793422699
([752], [704, 705]) 0.29029950499534607
([753, 754], [706]) 0.4617518484592438
([755], [707]) 0.603611946105957
([756], [708, 709]) 0.5208346247673035
([757], [710]) 0.4086509346961975
([758], [711]) 0.38033029437065125
([759], [712]) 0.4063089191913605
([760], [713]) 0.2535408139228821
([761], [714]) 0.5437800288200378
([762], [715]) 0.5935866236686707
([763], [716]) 0.4720797538757324
([764], [717]) 0.4294111132621765
([765], [718]) 0.2742016315460205
([766], [719]) 0.5761274099349976
([767], [720]) 0.42057281732559204
([768], [721]) 0.5298539400100708
([769], [722]) 0.4051900804042816
([770], [723]) 0.3549633324146271
([771], [724]) 0.5866643190383911
([772], [725]) 0.36014997959136963
([773], [726]) 0.5538303256034851
([774], [727]) 0.5693943500518799
([775], [728]) 0.4400431215763092
([776], [729]) 0.3597578704357147
([777], [730]) 0.790702760219574
([778], [731]) 0.5757993459701538
([779], [732]) 0.4366014301776886
([780], [733]) 0.5725496411323547
([781], [734]) 0.5167602896690369
([782], [735]) 0.5493886470794678
([783], [736]) 0.341377317905426
([784], [737]) 0.5672275424003601
([785], [738]) 0.4596356749534607
([786], [739]) 0.38428834080696106
([787], [740]) 0.5677071213722229
([788], [741]) 0.43514397740364075
([789], [742]) 0.5337113738059998
([790], [743]) 0.4202873110771179
([791], [744]) 0.59632408618927
([792], [745]) 0.6174538731575012
([793], [746]) 0.30426710844039917
([794], [747]) 0.6303089261054993
([795], [748]) 0.6026045083999634
([796, 797], [749]) 0.262580543756485
([798], [750]) 0.5454328060150146
([799], [751]) 0.36603036522865295
([800], [752]) 0.4123398959636688
([801], [753]) 0.3082199990749359
([802], [754]) 0.44507959485054016
([803], [755]) 0.33260735869407654
([804], [756]) 0.5600166320800781
([805], [757]) 1.0214725732803345
([806], [758]) 0.6203281879425049
([807], [759]) 0.43585482239723206
([808], [760]) 0.36793285608291626
([809], [761]) 0.39796245098114014
([810], [762]) 0.2940944731235504
([811], [763]) 0.6964783072471619
([812], [764]) 0.2877475917339325
([813], [765]) 0.5379366278648376
([814], [766]) 0.5740740299224854
([815], [767]) 0.7427304983139038
([816], [768]) 0.615850031375885
([817], [769]) 0.3940325379371643
([818], [770]) 0.40488284826278687
([819], [771]) 0.4473608434200287
([820], [772]) 0.39621490240097046
([821, 822], [773]) 0.4544769823551178
([823], [774]) 0.3678169846534729
([824], [775]) 0.7073800563812256
([825], [776]) 0.5308014750480652
([826], [777]) 0.49708378314971924
([827], [778]) 0.6895349025726318
([828], [779]) 0.6404414772987366
([829], [780]) 0.6473793387413025
([830], [781]) 0.53626549243927
([831], [782]) 0.4678809940814972
([832], [783]) 0.6949018239974976
([833], [784]) 0.2804267406463623
([834, 835], [785]) 0.5213971734046936
([836, 837], [786]) 0.23956231772899628
([838], [787]) 0.5416795015335083
([839], [788]) 0.6881091594696045
([840], [789]) 0.7851311564445496
([841], [790]) 0.7779926657676697
([842, 843], [791]) 0.6226282715797424
([844], [792]) 0.7011423707008362
([845], [793]) 0.5405052900314331
([846], [794]) 0.4220135807991028
([847], [795]) 0.5212714672088623
([848], [796]) 0.4672871232032776
([849], [797]) 0.5858811140060425
([850], [798]) 0.3931856155395508
([851], [799]) 0.6664189696311951
([852], [800]) 0.5160141587257385
([853, 854], [801]) 0.419857919216156
([855, 856], [802]) 0.4659050405025482
([857], [803]) 0.6244821548461914
([858], [804]) 0.3782937824726105
([859, 860], [805]) 0.4420425295829773
([861], [806]) 0.44707900285720825
([862, 863, 864], [807]) 0.4490396976470947
([865], [808]) 0.3719731569290161
([866], [809]) 0.6755589246749878
([867, 868], [810]) 0.5364499688148499
([869], [811]) 0.22989621758460999
([870], [812]) 0.2313719242811203
([871], [813]) 0.36344629526138306
([872], [814]) 0.5170328617095947
([873], [815]) 0.3763074278831482
([874], [816]) 0.7722141146659851
([875], [817]) 0.4873962104320526
([876], [818]) 0.5045793652534485
([877], [819]) 0.5817566514015198
([878], [820]) 0.3005322515964508
([879], [821, 822]) 0.47743669152259827
([880], [823]) 0.8845863342285156
([881], [824]) 0.5526732802391052
([882, 883], [825]) 0.600243330001831
([884], [826]) 0.6372998952865601
([885], [827]) 0.5381765365600586
([886], [828]) 0.489610493183136
([887], [829]) 0.3267764449119568
([888], [830]) 0.6808342933654785
([889], [831]) 0.46728265285491943
([890], [832]) 0.5025354027748108
([891], [833]) 0.2830963432788849
([892], [834]) 0.5819686651229858
([893], [835]) 0.36092066764831543
([894], [836]) 0.5496606230735779
([895], [837, 838]) 0.4661768078804016
([896], [839]) 0.45495593547821045
([897], [840]) 0.4563332796096802
([898, 899], [841]) 0.2918708920478821
([900], [842]) 0.46758130192756653
([901], [843]) 0.30936938524246216
([902, 903], [844]) 0.6028410196304321
([904], [845]) 0.42804065346717834
([905], [846]) 0.25333619117736816
([906], [847]) 0.3061896860599518
([907], [848]) 0.2769041955471039
([908], [849]) 0.4615647792816162
([909], [850]) 0.5148032903671265
([910], [851]) 0.48363277316093445
([911], [852]) 0.519670844078064
([912], [853]) 0.3546011745929718
([913], [854]) 0.958920955657959
([914], [855]) 0.5831707715988159
([915], [856]) 0.4516489505767822
([916], [857, 858]) 0.3484112620353699
([917], [859]) 0.5686565041542053
([918], [860]) 0.2938569486141205
([919, 920], [861]) 0.44079774618148804
([921], [862]) 0.5568549633026123
([922], [863]) 0.5278060436248779
([923], [864]) 0.4908716678619385
([924], [865]) 0.4971022605895996
([925], [866]) 0.32277294993400574
([926], [867]) 0.41653770208358765
([927, 928, 929], [868]) 0.2202941377957662
([930], [869]) 0.5774956941604614
([931], [870, 871]) 0.6836755275726318
([932, 933], [872]) 0.5182744264602661
([934], [873]) 0.5515379309654236
([935], [874]) 0.7686384916305542
([936], [875]) 0.26195284724235535
([937], [876]) 0.46378904581069946
([938], [877]) 0.5020639896392822
([939], [878]) 0.2022407054901123
([940], [879]) 0.41183069348335266
([941], [880]) 0.748252809047699
([942], [881]) 0.4830719232559204
([943], [882]) 0.7019616365432739
([944], [883]) 0.5055286288261414
([945], [884, 885]) 0.4749850034713745
([946], [886]) 0.2987627685070038
([947], [887]) 0.5902099013328552
([948], [888]) 0.40412402153015137
([949], [889]) 0.4871600568294525
([950], [890, 891]) 0.44567689299583435
([951], [892]) 0.4270915687084198
([952], [893]) 0.4089874029159546
([953], [894]) 0.5521208643913269
([954, 955], [895]) 0.26411983370780945
([956], [896]) 0.3833902180194855
([957], [897]) 0.4595748484134674
([958, 959], [898]) 0.39108383655548096
([960], [899]) 0.4685313403606415
([961], [900]) 0.3213367760181427
([962], [901]) 0.6304304003715515
([963], [902]) 0.4425284266471863
([964], [903]) 0.49598428606987
([965], [904]) 0.4768742322921753
([966], [905]) 0.3171193599700928
([967], [906]) 0.43803972005844116
([968], [907]) 0.5175698399543762
([969], [908]) 0.5921885371208191
([970], [909]) 0.35415831208229065
([971], [910]) 0.7139338850975037
([972], [911]) 0.3664434552192688
([973], [912]) 0.37881290912628174
([974], [913]) 0.6543058156967163
([975], [914]) 0.25104594230651855
([976], [915]) 0.34987321496009827
([977], [916]) 0.6377520561218262
([978], [917]) 0.4899613857269287
([979], [918, 919]) 0.5318864583969116
([980], [920]) 0.4779263138771057
([981], [921]) 0.5943138599395752
([982, 983, 984], [922]) 0.4157399336496989
([985], [923]) 0.6202046275138855
([986], [924, 925]) 0.5649508237838745
([987, 988], [926]) 0.3361138701438904
