([0], [0]) 0.34004053473472595
([1], [1]) 0.11937010288238525
([2, 3], [2]) 0.34591585397720337
([4], [3]) 0.4331837296485901
([5, 6], [4]) 0.38626721501350403
([7], [5]) 0.3105238676071167
([8], [6, 7]) 0.3710081875324249
([9, 10], [8]) 0.3138146698474884
([11], [9]) 0.49291494488716125
([12], [10]) 0.3010447025299072
([13], [11]) 0.28997257351875305
([14, 15], [12]) 0.4885290861129761
([16], [13]) 0.7846853137016296
([17], [14, 15]) 0.3202859163284302
([18], [16]) 0.23931385576725006
([19], [17]) 0.26926541328430176
([20], [18]) 0.26718419790267944
([21], [19]) 0.44302842020988464
([22], [20]) 0.44841185212135315
([23], [21]) 0.2842375338077545
([24], [22]) 0.22875234484672546
([25], [23]) 0.6316658854484558
([26], [24]) 0.2973781228065491
([27], [25]) 0.16874974966049194
([28], [26]) 0.30088233947753906
([29], [27]) 0.40615928173065186
([30], [28]) 0.3466673195362091
([31], [29]) 0.34342265129089355
([32], [30]) 0.2660785913467407
([33, 34, 35], [31]) 0.41591350237528485
([36], [32]) 0.5695004463195801
([37], [33]) 0.5183598399162292
([38, 39], [34]) 0.47699931263923645
([40], [35]) 0.3955944776535034
([41, 42], [36]) 0.2467048466205597
([43], [37]) 0.5091914534568787
([44], [38]) 0.5014050006866455
([45], [39, 40]) 0.30630236864089966
([46], [41]) 0.3413279056549072
([47], [42, 43, 44]) 0.3758099476496379
([48], [45]) 0.2518145740032196
([49, 50], [46]) 0.41240301728248596
([51], [47]) 0.6648663282394409
([52], [48]) 0.7457238435745239
([53, 54, 55], [49]) 0.5399805307388306
([56, 57, 58], [50]) 0.5252976814905802
([59, 60], [51, 52]) 0.32623571157455444
([61], [53]) 0.5705434679985046
([62], [54]) 0.6285025477409363
([63], [55]) 0.2354719191789627
([64], [56, 57, 58]) 0.3634735743204753
([65], [59]) 0.6949069499969482
([66], [60]) 0.6351763010025024
([67], [61]) 0.24009659886360168
([68, 69], [62]) 0.42072606086730957
([70], [63]) 0.17591629922389984
([71], [64]) 0.308675616979599
([72, 73], [65]) 0.426901638507843
([74, 75], [66]) 0.34105363488197327
([76, 77], [67]) 0.34193363785743713
([78], [68]) 0.42503562569618225
([79], [69, 70]) 0.1473677158355713
([80], [71]) 0.3020373582839966
([81], [72]) 0.2910265028476715
([82], [73]) 0.2758465111255646
([83], [74]) 0.2908553183078766
([84, 85], [75]) 0.3100413680076599
([86], [76]) 0.48492494225502014
([87], [77]) 0.38801977038383484
([88], [78]) 0.4867171347141266
([89], [79]) 0.27468231320381165
([90, 91], [80]) 0.3490476906299591
([92], [81, 82]) 0.17812396585941315
([93], [83]) 0.49880850315093994
([94], [84]) 0.5589088797569275
([95], [85]) 0.19187748432159424
([96, 97], [86]) 0.29756131768226624
([98], [87]) 0.3168301284313202
([99], [88]) 0.5933215618133545
([100], [89]) 0.45436665415763855
([101], [90, 91]) 0.18545737862586975
([102], [92]) 0.1254652440547943
([103], [93]) 0.23319125175476074
([104], [94]) 0.4116780459880829
([105], [95]) 0.27558156847953796
([106], [96]) 0.5062417984008789
([107, 108], [97]) 0.3717069923877716
([109], [98]) 0.23762091994285583
([110], [99, 100]) 0.37998056411743164
([111], [101]) 0.24105623364448547
([112], [102]) 0.5729396343231201
([113], [103]) 0.2989986538887024
([114], [104]) 0.21599097549915314
([115], [105]) 0.15976618230342865
([116], [106]) 0.6042191386222839
([117], [107]) 0.38327887654304504
([118], [108]) 0.25485092401504517
([119], [109]) 0.28332650661468506
([120], [110]) 0.25360995531082153
([121, 122], [111]) 0.310011625289917
([123, 124, 125], [112]) 0.2912735939025879
([126, 127], [113]) 0.4500178098678589
([128], [114]) 0.405373215675354
([129], [115]) 0.24190163612365723
([130], [116]) 0.40227192640304565
([131], [117]) 0.4665633738040924
([132, 133], [118]) 0.2827858328819275
([134], [119]) 0.33395257592201233
([135], [120]) 0.20887789130210876
([136, 137], [121]) 0.2737719416618347
([138], [122, 123]) 0.3418464660644531
([139], [124]) 0.26837119460105896
([140], [125, 126]) 0.2740316092967987
([141, 142], [127]) 0.43431755900382996
([143, 144], [128]) 0.2939275801181793
([145], [129]) 0.2163727581501007
([146], [130]) 0.25223320722579956
([147], [131]) 0.31291937828063965
([148], [132, 133]) 0.3590638339519501
([149], [134]) 0.28773415088653564
([150], [135]) 0.44902491569519043
([151, 152, 153], [136]) 0.43610533078511554
([154], [137]) 0.3405296504497528
([155], [138]) 0.3855965733528137
([156], [139]) 0.31360870599746704
([157, 158], [140]) 0.36096784472465515
([159], [141]) 0.680111289024353
([160], [142]) 0.4657840132713318
([161], [143, 144]) 0.48006734251976013
([162], [145, 146, 147, 148]) 0.30213096737861633
([163, 164], [149]) 0.2707836627960205
([165, 166], [150]) 0.36176958680152893
([167], [151]) 0.5095117092132568
([168], [152]) 0.42580023407936096
([169], [153]) 0.40825602412223816
([170], [154]) 0.49503180384635925
([171], [155, 156]) 0.2466331571340561
([172], [157]) 0.33596137166023254
([173, 174], [158]) 0.38080713152885437
([175], [159]) 0.12298690527677536
([176], [160]) 0.24383100867271423
([177, 178], [161]) 0.5332214832305908
([179], [162]) 0.5699385404586792
([180], [163]) 0.531356930732727
([181], [164, 165]) 0.40501290559768677
([182, 183], [166]) 0.3415388762950897
([184], [167, 168]) 0.29618626832962036
([185], [169, 170]) 0.48647987842559814
([186, 187], [171]) 0.5356382727622986
([188], [172]) 0.2862275242805481
([189, 190], [173]) 0.31924116611480713
([191], [174]) 0.5239270925521851
([192], [175]) 0.3483244478702545
([193], [176, 177]) 0.2799358367919922
([194], [178, 179]) 0.4427167773246765
([195], [180]) 0.42567312717437744
([196], [181]) 0.5511466264724731
([197], [182, 183]) 0.27915525436401367
([198], [184, 185]) 0.21758227050304413
([199], [186]) 0.5647280216217041
([200, 201, 202, 203], [187]) 0.3633573055267334
([204], [188]) 0.5232778191566467
([205], [189]) 0.28289443254470825
([206], [190]) 0.42024731636047363
([207], [191]) 0.2789587378501892
([208], [192, 193]) 0.4654078185558319
([209, 210], [194]) 0.4515894651412964
([211], [195]) 0.759796142578125
([212], [196]) 0.3335798680782318
([213, 214, 215], [197]) 0.5060175657272339
([216], [198]) 0.3382933437824249
([217], [199]) 0.5499304533004761
([218], [200, 201]) 0.3477303683757782
([219, 220], [202]) 0.617600679397583
([221, 222], [203]) 0.3500586152076721
([223], [204]) 0.3986157178878784
([224], [205]) 0.30338332056999207
([225, 226, 227], [206]) 0.4155232111612956
([228], [207]) 0.24933256208896637
([229], [208]) 0.1949578821659088
([230], [209]) 0.5800334811210632
([231], [210]) 0.5688153505325317
([232, 233, 234], [211]) 0.3854742447535197
([235], [212]) 0.3789263963699341
([236], [213]) 0.21473141014575958
([237], [214]) 0.40748074650764465
([238], [215, 216]) 0.371698796749115
([239], [217]) 0.45785340666770935
([240, 241], [218]) 0.37697795033454895
([242], [219]) 0.5466207265853882
([243, 244, 245, 246, 247], [220]) 0.4136322021484375
([248, 249], [221]) 0.39213699102401733
([250, 251], [222]) 0.4351588785648346
([252, 253], [223]) 0.4594922661781311
([254], [224]) 0.46249136328697205
([255, 256], [225]) 0.3830675482749939
([257, 258], [226]) 0.3741733133792877
([259, 260, 261], [227]) 0.40706872940063477
([262], [228]) 0.2860865890979767
([263], [229]) 0.6506869196891785
([264], [230, 231, 232]) 0.49679243564605713
([265, 266], [233]) 0.4290389120578766
([267], [234]) 0.6198552846908569
([268], [235]) 0.5353729128837585
([269], [236]) 0.25655266642570496
([270, 271], [237]) 0.5503482222557068
([272], [238]) 0.5195461511611938
([273], [239]) 0.6331926584243774
([274, 275], [240]) 0.4045049250125885
([276], [241]) 0.27444732189178467
([277], [242]) 0.32614821195602417
([278, 279], [243]) 0.3687041997909546
([280, 281, 282], [244]) 0.4326157569885254
([283, 284], [245]) 0.5534396767616272
([285], [246]) 0.43805447220802307
([286], [247]) 0.19259154796600342
([287, 288], [248]) 0.46080729365348816
([289], [249]) 0.8058377504348755
([290], [250, 251]) 0.38814255595207214
([291], [252]) 0.5829115509986877
([292], [253]) 0.45340070128440857
([293], [254, 255]) 0.39811545610427856
([294, 295], [256]) 0.44024914503097534
([296], [257]) 0.30844199657440186
([297, 298, 299], [258]) 0.27219359079996747
([300], [259]) 0.21126653254032135
([301], [260]) 0.5635547637939453
([302], [261]) 0.4083256721496582
([303], [262]) 0.2734310030937195
([304], [263]) 0.30685532093048096
([305], [264]) 0.6678534746170044
([306], [265]) 0.41447800397872925
([307], [266]) 0.5799453258514404
([308, 309], [267]) 0.3885773718357086
([310], [268, 269]) 0.259489506483078
([311], [270]) 0.40966930985450745
([312], [271]) 0.8860698938369751
([313], [272]) 1.0010257959365845
([314], [273, 274]) 0.5350257754325867
([315], [275]) 0.49873030185699463
([316], [276]) 0.5072180032730103
([317], [277]) 0.6953970193862915
([318], [278]) 0.7218887805938721
([319], [279]) 0.8264973163604736
([320, 321], [280]) 0.3248889446258545
([322], [281]) 0.391187846660614
([323], [282]) 0.3222305476665497
([324], [283]) 0.22073577344417572
([325], [284]) 0.4814433455467224
([326, 327, 328], [285]) 0.32220369577407837
([329], [286]) 0.4129519760608673
([330], [287, 288]) 0.3279542624950409
([331], [289]) 0.3108152151107788
([332], [290]) 0.5725303292274475
([333, 334], [291]) 0.3611699342727661
([335], [292]) 0.33108454942703247
([336], [293]) 0.3642035722732544
([337], [294]) 0.4509774446487427
([338], [295]) 0.44669726490974426
([339, 340], [296]) 0.39785996079444885
([341], [297, 298]) 0.47306931018829346
([342], [299, 300]) 0.35154420137405396
([343], [301, 302, 303]) 0.5449014902114868
([344], [304, 305]) 0.3204115331172943
([345], [306]) 0.48838338255882263
([346], [307]) 0.3385012447834015
([347], [308]) 0.4209154546260834
([348, 349, 350], [309]) 0.4232162634531657
([351], [310]) 0.4730474054813385
([352], [311]) 0.4524194002151489
([353], [312]) 0.4115331172943115
([354], [313]) 0.2748432159423828
([355], [314, 315]) 0.4699416756629944
([356], [316]) 0.35337114334106445
([357], [317, 318, 319]) 0.22571281592051187
([358], [320]) 0.34315624833106995
([359], [321]) 0.4638698995113373
([360, 361], [322]) 0.3220435082912445
([362], [323]) 0.335335373878479
([363], [324]) 0.4709044098854065
([364], [325]) 0.5519883036613464
([365, 366, 367], [326]) 0.4551883538564046
([368], [327]) 0.5643635392189026
([369], [328]) 0.4851517677307129
([370], [329]) 0.45311665534973145
([371], [330]) 0.36787208914756775
([372], [331]) 0.455369770526886
([373], [332]) 0.4869481325149536
([374], [333]) 0.4215942919254303
([375], [334]) 0.5278327465057373
([376], [335]) 0.8419204950332642
([377], [336]) 0.3342810273170471
([378, 379, 380], [337]) 0.6064174175262451
([381], [338]) 0.7957994341850281
([382, 383], [339]) 0.39546075463294983
([384], [340]) 0.5420621037483215
([385, 386], [341]) 0.4569196403026581
([387], [342]) 0.6593756079673767
([388], [343]) 0.19621844589710236
([389, 390, 391], [344]) 0.5440841913223267
([392, 393], [345]) 0.49237143993377686
([394, 395], [346]) 0.5404398441314697
([396], [347]) 0.5330731272697449
([397], [348]) 0.6192134022712708
([398], [349, 350]) 0.3951188921928406
([399], [351]) 0.39578938484191895
([400], [352]) 0.27928099036216736
([401, 402], [353]) 0.3008556365966797
([403], [354]) 0.5370147824287415
([404, 405], [355]) 0.5313642621040344
([406], [356, 357]) 0.45677605271339417
([407], [358]) 0.48142164945602417
([408], [359]) 0.7527216076850891
([409], [360]) 0.3481711149215698
([410], [361]) 0.561720609664917
([411, 412], [362]) 0.4177907407283783
([413], [363]) 0.46205011010169983
([414], [364, 365, 366]) 0.19418170054753622
([415], [367, 368]) 0.5774391889572144
([416], [369]) 0.29308852553367615
([417], [370]) 0.5865484476089478
([418, 419], [371]) 0.46199920773506165
([420, 421], [372]) 0.3936869502067566
([422, 423], [373]) 0.36904752254486084
([424], [374]) 0.35511741042137146
([425, 426, 427], [375]) 0.562299927075704
([428], [376]) 0.35713839530944824
([429], [377]) 0.764004111289978
([430], [378]) 0.5951558947563171
([431, 432], [379]) 0.3164825737476349
([433], [380]) 0.44926467537879944
([434], [381]) 0.6387376189231873
([435], [382]) 0.3374568819999695
([436], [383]) 0.4068884551525116
([437], [384]) 0.41466501355171204
([438], [385]) 0.3821448087692261
([439], [386]) 0.3422553539276123
([440], [387]) 0.37535175681114197
([441], [388, 389]) 0.3548406660556793
([442, 443], [390]) 0.3541505038738251
([444], [391]) 0.4879104197025299
([445], [392]) 0.21987663209438324
([446], [393]) 0.33913886547088623
([447], [394]) 0.4006384611129761
([448], [395]) 0.20721551775932312
([449], [396]) 0.28727975487709045
([450], [397]) 0.2742416560649872
([451], [398]) 0.41022881865501404
([452], [399]) 0.4182809889316559
([453], [400]) 0.5203669667243958
([454], [401]) 0.6938734650611877
([455], [402]) 0.2721252739429474
([456], [403, 404, 405]) 0.36086153984069824
([457], [406, 407]) 0.5861222743988037
([458], [408, 409, 410, 411]) 0.3216715455055237
([459], [412]) 0.397736132144928
([460], [413, 414]) 0.4514714777469635
([461], [415]) 0.3465728759765625
([462], [416]) 0.26683545112609863
([463], [417]) 0.4901515245437622
([464], [418, 419, 420]) 0.4028897285461426
([465, 466], [421]) 0.43991202116012573
([467], [422]) 0.44707608222961426
([468], [423]) 0.4380795955657959
([469, 470], [424]) 0.7082734107971191
([471], [425]) 0.4930736720561981
([472], [426]) 0.936794638633728
([473, 474, 475], [427]) 0.48605231444040936
([476], [428]) 0.6791839599609375
([477], [429]) 0.5401129722595215
([478], [430]) 0.6163824200630188
([479, 480], [431]) 0.3670065701007843
([481], [432, 433, 434]) 0.5053298870722452
([482, 483], [435]) 0.3587379455566406
([484, 485], [436]) 0.3089119791984558
([486], [437]) 0.4329988956451416
([487], [438]) 0.2988089919090271
([488], [439]) 0.2615456283092499
([489], [440]) 0.16181939840316772
([490], [441]) 0.3846118748188019
([491, 492], [442]) 0.5691765546798706
([493, 494], [443]) 0.43118008971214294
([495], [444]) 0.42802852392196655
([496], [445]) 0.3365340530872345
([497], [446]) 0.19510987401008606
([498], [447]) 0.45620638132095337
([499], [448]) 0.3830993175506592
([500], [449]) 0.24014930427074432
([501], [450]) 0.42917707562446594
([502], [451]) 0.6439799666404724
([503], [452]) 0.3652598261833191
([504, 505], [453]) 0.5007168650627136
([506], [454]) 0.43678584694862366
([507], [455]) 0.45070260763168335
([508, 509], [456]) 0.37993091344833374
