([0, 1], [0]) 0.28141582012176514
([2, 3], [1]) 0.30232593417167664
([4, 5], [2]) 0.26505762338638306
([6], [3]) 0.4742753803730011
([7], [4]) 0.7838977575302124
([8], [5]) 0.28970998525619507
([9], [6]) 0.5262871980667114
([10, 11, 12], [7]) 0.3352068265279134
([13, 14], [8]) 0.3168691396713257
([15], [9]) 0.3146974444389343
([16, 17], [10]) 0.3646496534347534
([18], [11]) 0.401756227016449
([19], [12]) 0.47983500361442566
([20, 21, 22], [13]) 0.4300222396850586
([23, 24], [14]) 0.5430248975753784
([25], [15]) 0.2904907166957855
([26, 27], [16]) 0.19906459748744965
([28], [17]) 0.3176247179508209
([29, 30, 31, 32], [18]) 0.2545883059501648
([33], [19]) 0.33765527606010437
([34, 35, 36], [20]) 0.5224785407384237
([37], [21]) 0.436348021030426
([38], [22]) 0.4451507031917572
([39], [23]) 0.4124295115470886
([40], [24]) 0.7604080438613892
([41], [25]) 0.5390565395355225
([42], [26]) 0.47297483682632446
([43, 44], [27]) 0.37581491470336914
([45, 46, 47, 48, 49, 50, 51], [28]) 0.2818068095615932
([52], [29]) 0.5220499634742737
([53], [30]) 0.4790652096271515
([54], [31]) 0.5240292549133301
([55], [32]) 0.3619079291820526
([56], [33]) 0.8356829285621643
([57], [34, 35]) 0.46309658885002136
([58], [36]) 0.44823217391967773
([59], [37]) 0.7199867367744446
([60], [38, 39]) 0.49138379096984863
([61], [40]) 0.7377566695213318
([62], [41]) 0.5109625458717346
([63], [42]) 0.4904424250125885
([64], [43]) 0.47919970750808716
([65, 66, 67, 68], [44]) 0.3747500777244568
([69], [45]) 0.49160072207450867
([70], [46]) 0.48790785670280457
([71], [47]) 0.37829288840293884
([72, 73], [48]) 0.5376025438308716
([74], [49]) 0.5492128133773804
([75, 76], [50]) 0.4771617352962494
([77], [51]) 0.681860625743866
([78], [52]) 0.6669623851776123
([79], [53]) 0.4131776988506317
([80], [54]) 0.7307869791984558
([81, 82], [55]) 0.593940019607544
([83], [56]) 0.5581843852996826
([84], [57]) 0.41432905197143555
([85], [58]) 0.5133318305015564
([86], [59]) 0.5117018222808838
([87], [60]) 0.33924514055252075
([88], [61]) 0.489784300327301
([89, 90], [62]) 0.30773642659187317
([91], [63]) 0.25433534383773804
([92], [64]) 0.545837938785553
([93], [65]) 0.29263901710510254
([94], [66]) 0.5907182097434998
([95], [67]) 0.715381920337677
([96], [68]) 0.6485517621040344
([97], [69]) 0.3245963156223297
([98], [70]) 0.62192702293396
([99], [71]) 0.3118302524089813
([100], [72]) 0.5290825366973877
([101], [73]) 0.3754465878009796
([102], [74, 75]) 0.4482226073741913
([103], [76]) 0.21381472051143646
([104], [77]) 0.42308056354522705
([105], [78]) 0.7760867476463318
([106, 107], [79]) 0.47681593894958496
([108], [80]) 0.7284623980522156
([109], [81]) 0.5428521633148193
([110], [82]) 0.5377621054649353
([111, 112], [83]) 0.39264777302742004
([113], [84]) 0.4458441734313965
([114, 115], [85]) 0.5442243814468384
([116], [86]) 0.3316698372364044
([117, 118], [87]) 0.4214588403701782
([119], [88]) 0.44450104236602783
([120], [89]) 0.405656635761261
([121], [90]) 0.39406734704971313
([122], [91]) 0.5550469160079956
([123], [92]) 0.24608467519283295
([124], [93]) 0.7014166712760925
([125], [94]) 0.3626244068145752
([126], [95]) 0.4686320126056671
([127], [96]) 0.6545103192329407
([128], [97]) 0.35554391145706177
([129], [98]) 0.6669349670410156
([130, 131, 132], [99]) 0.7239164511362711
([133], [100]) 0.552768349647522
([134], [101]) 0.6113017201423645
([135], [102]) 0.4547700583934784
([136], [103]) 0.4985542595386505
([137], [104]) 0.479544997215271
([138], [105]) 0.5111907124519348
([139, 140, 141], [106]) 0.510389526685079
([142], [107]) 0.45256057381629944
([143], [108]) 0.4675569534301758
([144], [109]) 0.37837326526641846
([145], [110]) 0.34524819254875183
([146], [111]) 0.49101540446281433
([147, 148], [112]) 0.44581231474876404
([149], [113]) 0.4209597408771515
([150], [114]) 0.32318833470344543
([151], [115]) 0.5045052170753479
([152], [116]) 0.4071751832962036
([153], [117]) 0.4952069818973541
([154], [118]) 0.3569337725639343
([155], [119]) 0.3887675702571869
([156], [120]) 0.30102986097335815
([157], [121]) 0.3955693542957306
([158], [122]) 0.5943250060081482
([159], [123]) 0.47388413548469543
([160], [124]) 0.4937356114387512
([161], [125]) 0.5400257706642151
([162], [126]) 0.26273515820503235
([163], [127]) 0.7462875843048096
([164], [128]) 0.5924097895622253
([165], [129]) 0.48231613636016846
([166, 167], [130]) 0.5533044338226318
([168], [131]) 0.5319332480430603
([169], [132]) 0.4532443881034851
([170], [133]) 0.29939940571784973
([171], [134]) 0.27692824602127075
([172, 173, 174], [135]) 0.5663202603658041
([175], [136]) 0.7598505020141602
([176], [137]) 0.35846325755119324
([177], [138, 139]) 0.5510701537132263
([178], [140, 141, 142]) 0.47778038183848065
([179, 180], [143]) 0.5033998489379883
([181, 182], [144]) 0.46505048871040344
([183], [145]) 0.556095540523529
([184], [146]) 0.7698090672492981
([185], [147]) 0.37811732292175293
([186], [148]) 0.6270118951797485
([187], [149]) 0.5311927795410156
([188], [150]) 0.40160953998565674
([189, 190], [151]) 0.36004638671875
([191], [152]) 0.6687749624252319
([192], [153]) 0.46735188364982605
([193], [154]) 0.6865420937538147
([194], [155]) 0.5181214809417725
([195, 196], [156]) 0.3926551938056946
([197], [157]) 0.4014899730682373
([198, 199], [158]) 0.5659136772155762
([200], [159]) 0.546510636806488
([201], [160]) 0.5731521844863892
([202], [161]) 0.4810267686843872
([203, 204], [162]) 0.23686788976192474
([205], [163]) 0.37780284881591797
([206], [164]) 0.53150475025177
([207], [165]) 0.41173192858695984
([208], [166]) 0.5543514490127563
([209], [167]) 0.4282029867172241
([210], [168]) 0.7471302151679993
([211, 212], [169]) 0.44120287895202637
([213], [170]) 0.6669939756393433
([214], [171]) 0.5230620503425598
([215], [172]) 0.4849265515804291
([216], [173]) 0.4926489293575287
([217], [174]) 0.7404146194458008
([218], [175]) 0.2803719937801361
([219, 220], [176]) 0.5083606839179993
([221], [177]) 0.7902325987815857
([222], [178]) 0.6527183651924133
([223], [179]) 0.48377925157546997
([224, 225], [180]) 0.3831058144569397
([226], [181, 182]) 0.4920772314071655
([227], [183]) 0.5804534554481506
([228], [184]) 0.3641362488269806
([229], [185]) 0.42881274223327637
([230], [186]) 0.48853668570518494
([231, 232, 233], [187]) 0.514934261639913
([234], [188]) 0.6897552013397217
([235], [189]) 0.5744674205780029
([236], [190]) 0.7003988027572632
([237], [191]) 0.9682297110557556
([238], [192]) 0.6922938227653503
([239], [193]) 0.3436077833175659
([240], [194]) 0.55736243724823
([241], [195]) 0.6054567694664001
([242], [196]) 0.5335991978645325
([243], [197]) 0.5337659120559692
([244], [198]) 0.5128610730171204
([245], [199]) 0.6214318871498108
([246], [200]) 0.4820612967014313
([247], [201]) 0.5001288652420044
([248], [202]) 0.5915435552597046
([249], [203]) 0.41293835639953613
([250], [204]) 0.3574396073818207
([251], [205]) 0.49537011981010437
([252], [206]) 0.2799513339996338
([253], [207]) 0.7428443431854248
([254, 255], [208]) 0.5265913605690002
([256], [209]) 0.538357675075531
([257], [210]) 0.5496899485588074
([258], [211]) 0.6291647553443909
([259], [212]) 0.8195539116859436
([260, 261], [213]) 0.3720979690551758
([262, 263], [214]) 0.4793255031108856
([264], [215]) 0.5337714552879333
([265], [216]) 0.5869755744934082
([266], [217]) 0.5694171190261841
([267], [218]) 0.5009029507637024
([268, 269], [219]) 0.4776763319969177
([270], [220]) 0.34352025389671326
([271], [221]) 0.34849002957344055
([272], [222]) 0.6828180551528931
([273], [223]) 0.6203517913818359
([274, 275], [224]) 0.5379050970077515
([276, 277, 278, 279], [225]) 0.4962405562400818
([280], [226]) 0.36409181356430054
([281], [227]) 0.3962871730327606
([282], [228]) 0.3959144651889801
([283, 284], [229]) 0.4433705508708954
([285], [230]) 0.7276566028594971
([286], [231]) 0.732318639755249
([287], [232]) 0.5856741666793823
([288], [233]) 0.4544873535633087
([289], [234]) 0.7431899309158325
([290], [235]) 0.6275420784950256
([291], [236]) 0.38503971695899963
([292], [237]) 0.7369808554649353
([293], [238]) 0.4545818567276001
([294], [239]) 0.4138040840625763
([295], [240]) 0.40764591097831726
([296, 297], [241]) 0.46682989597320557
([298], [242]) 0.26383522152900696
([299], [243]) 0.516465425491333
([300], [244]) 0.4748096168041229
([301], [245]) 0.4369521141052246
([302], [246]) 0.4044438302516937
([303], [247]) 0.4406684637069702
([304], [248]) 0.360100120306015
([305], [249]) 0.6640205383300781
([306], [250]) 0.3957323431968689
([307], [251]) 0.546754002571106
([308], [252]) 0.6262959837913513
([309], [253]) 0.6154402494430542
([310], [254]) 0.2558509111404419
([311], [255]) 0.48482900857925415
([312], [256]) 0.21496596932411194
([313], [257]) 0.4825006425380707
([314], [258, 259]) 0.2749527394771576
([315], [260]) 0.37435388565063477
([316], [261]) 0.4523715674877167
([317, 318], [262]) 0.4939233958721161
([319], [263, 264]) 0.37851259112358093
([320], [265]) 0.32480084896087646
([321], [266]) 0.43202582001686096
([322, 323], [267, 268]) 0.2851133644580841
([324], [269]) 0.681381106376648
([325], [270]) 0.4217323362827301
([326, 327], [271]) 0.45773443579673767
([328, 329, 330], [272]) 0.3990037441253662
([331, 332, 333], [273]) 0.38828539848327637
([334], [274, 275]) 0.5711145997047424
([335, 336], [276]) 0.3268545866012573
([337], [277]) 0.3182263970375061
([338, 339, 340], [278]) 0.44507424036661786
([341, 342], [279]) 0.44278210401535034
([343], [280]) 0.5508278608322144
([344], [281, 282]) 0.5381752252578735
([345, 346], [283]) 0.5027400255203247
([347], [284]) 0.4953795373439789
([348], [285]) 0.5813008546829224
([349], [286]) 0.4001156687736511
([350], [287]) 0.4032149612903595
([351], [288]) 0.4359888434410095
([352], [289]) 0.4591018557548523
([353], [290]) 0.4490530490875244
([354], [291]) 0.49162086844444275
([355], [292]) 0.5327794551849365
([356], [293]) 0.6142986416816711
([357], [294]) 0.5186058878898621
([358], [295]) 0.5790392160415649
([359], [296]) 0.39503660798072815
([360], [297]) 0.4340750575065613
([361], [298, 299, 300]) 0.41115498542785645
([362, 363], [301]) 0.40802159905433655
([364], [302]) 0.47455719113349915
([365, 366], [303]) 0.5508309006690979
([367], [304]) 0.4284098446369171
([368], [305]) 0.4430672824382782
([369], [306]) 0.532151460647583
([370], [307]) 0.30410024523735046
([371], [308]) 0.4207350015640259
([372], [309]) 0.6405713558197021
([373], [310]) 0.40974539518356323
([374], [311]) 0.6099191904067993
([375], [312]) 0.5430108308792114
([376], [313]) 0.3947729170322418
([377], [314]) 0.3763252794742584
([378], [315]) 0.5094611644744873
([379], [316]) 0.7415508031845093
([380], [317]) 0.29566505551338196
([381], [318]) 0.552737832069397
([382, 383], [319]) 0.33775150775909424
([384], [320]) 0.5493793487548828
([385, 386], [321]) 0.35603511333465576
([387], [322]) 0.4015003740787506
([388], [323]) 0.4017917513847351
([389], [324]) 0.34825602173805237
([390], [325]) 0.5237763524055481
([391], [326]) 0.4997293949127197
([392], [327]) 0.37150678038597107
([393], [328]) 0.4056791365146637
([394], [329]) 0.7083083987236023
([395, 396], [330]) 0.24170665442943573
([397], [331]) 0.2685115337371826
([398], [332]) 0.5175153017044067
([399], [333]) 0.7222447395324707
([400], [334]) 0.6314132213592529
([401], [335, 336]) 0.3850404620170593
([402], [337]) 0.39433085918426514
([403], [338]) 0.33355337381362915
([404], [339]) 0.4457065165042877
([405], [340]) 0.4635065197944641
([406], [341]) 0.29063063859939575
([407], [342]) 0.3239245116710663
([408], [343]) 0.37413084506988525
([409, 410], [344]) 0.36034587025642395
([411], [345]) 0.5079500675201416
([412], [346]) 0.5196923613548279
([413, 414], [347]) 0.4286949336528778
([415], [348]) 0.47109663486480713
([416], [349]) 0.46727314591407776
([417], [350]) 0.5532572269439697
([418, 419], [351]) 0.45397982001304626
([420], [352, 353]) 0.4815194308757782
([421], [354]) 0.492769330739975
([422], [355]) 0.758672297000885
([423, 424], [356]) 0.7046106457710266
([425], [357]) 0.9096176624298096
([426, 427], [358]) 0.28981542587280273
([428], [359, 360]) 0.4418034553527832
([429], [361]) 0.35001859068870544
([430], [362]) 0.5943840146064758
([431], [363]) 0.2997897267341614
([432], [364]) 0.31492993235588074
([433], [365]) 0.5284622311592102
([434], [366]) 0.6886541247367859
([435], [367]) 0.4650048315525055
([436], [368]) 0.4971403479576111
([437], [369]) 0.6191830039024353
([438], [370]) 0.5148265957832336
([439, 440], [371]) 0.35416603088378906
([441], [372]) 0.5196458101272583
([442, 443], [373]) 0.4630395770072937
([444], [374]) 0.49920913577079773
([445], [375]) 0.7911581993103027
([446], [376]) 0.5571545958518982
([447], [377]) 0.4055958390235901
([448], [378]) 0.47052237391471863
([449], [379]) 0.4855510890483856
([450], [380]) 0.5770854353904724
([451], [381]) 0.2395407259464264
([452], [382]) 0.5614115595817566
([453], [383]) 0.5921230316162109
([454], [384]) 0.5292227268218994
([455], [385]) 0.34986966848373413
([456], [386]) 0.5579906105995178
([457], [387]) 0.2369273453950882
([458], [388]) 0.7353828549385071
([459], [389]) 0.46612825989723206
([460], [390]) 0.332443505525589
([461], [391]) 0.3688819408416748
([462], [392]) 0.3352454900741577
([463], [393]) 0.2606799602508545
([464], [394]) 0.5465889573097229
([465], [395]) 0.5763075351715088
([466, 467], [396]) 0.6158309578895569
([468], [397]) 0.5669866800308228
([469, 470], [398]) 0.6518774032592773
([471], [399]) 0.47272220253944397
([472], [400]) 0.42695122957229614
([473], [401]) 0.39003986120224
([474], [402]) 0.4236166775226593
([475], [403]) 0.29072022438049316
([476], [404]) 0.4635918438434601
([477], [405]) 0.5412833094596863
([478, 479, 480], [406]) 0.3205077846844991
([481], [407]) 0.483830988407135
([482], [408]) 0.5868074893951416
([483], [409]) 0.423092782497406
([484], [410]) 0.6283852458000183
([485], [411]) 0.6690523028373718
([486], [412, 413]) 0.5699415802955627
([487], [414]) 0.41613221168518066
([488], [415]) 0.5477008819580078
([489], [416]) 0.4414907693862915
([490], [417]) 0.4872937500476837
([491, 492], [418]) 0.3217526376247406
([493], [419]) 0.48194941878318787
([494, 495], [420]) 0.40181881189346313
([496], [421]) 0.3560294806957245
([497], [422]) 0.47704941034317017
([498], [423]) 0.6491325497627258
([499], [424]) 0.3899790644645691
([500], [425]) 0.3667900562286377
([501], [426]) 0.31064504384994507
([502], [427]) 0.36963215470314026
([503], [428]) 0.46117883920669556
([504], [429]) 0.27855804562568665
([505, 506], [430]) 0.47011351585388184
([507, 508], [431]) 0.5043508410453796
([509], [432]) 0.6686928272247314
([510, 511], [433]) 0.33295249938964844
([512, 513], [434]) 0.419461190700531
([514], [435]) 0.5617431402206421
([515], [436]) 0.3582361340522766
([516], [437]) 0.5002308487892151
([517, 518, 519], [438]) 0.3961499532063802
([520], [439]) 0.27396807074546814
([521], [440]) 0.4991967976093292
([522, 523], [441]) 0.4079986810684204
([524], [442]) 0.4039432406425476
([525], [443]) 0.3961032032966614
([526], [444]) 0.6315690875053406
([527, 528], [445]) 0.40194520354270935
([529], [446]) 0.3668278753757477
([530], [447]) 0.3161880671977997
([531], [448]) 0.48534488677978516
([532], [449]) 0.3843671977519989
([533, 534], [450]) 0.4161585867404938
([535], [451]) 0.4762999713420868
([536], [452]) 0.4958593249320984
([537], [453]) 0.9277150630950928
([538], [454]) 0.4190569519996643
([539], [455]) 0.6909050941467285
([540], [456]) 0.5572240352630615
([541], [457]) 0.5231949090957642
([542], [458]) 0.48426347970962524
([543], [459]) 0.4886378347873688
([544], [460]) 0.7124868631362915
([545], [461]) 0.5567891001701355
([546, 547, 548], [462]) 0.5724522670110067
([549, 550], [463]) 0.5087789297103882
([551], [464]) 0.48553553223609924
([552], [465]) 0.5254061222076416
([553], [466]) 0.7721244692802429
([554], [467]) 0.512830376625061
([555, 556], [468]) 0.6199804544448853
([557], [469]) 0.5299438238143921
([558], [470]) 0.6975526213645935
([559], [471]) 0.7101784944534302
([560], [472]) 0.5963350534439087
([561], [473]) 0.6008468270301819
([562], [474]) 0.5434762835502625
([563, 564], [475]) 0.5188179016113281
([565], [476]) 0.8319941163063049
([566], [477]) 0.6644098162651062
([567], [478]) 0.2717081904411316
([568], [479]) 0.66916823387146
([569], [480]) 0.4517621695995331
([570], [481]) 0.3125011622905731
([571], [482]) 0.4439360797405243
([572], [483]) 0.48255112767219543
([573], [484]) 0.4704936146736145
([574], [485]) 0.4753948748111725
([575], [486]) 0.36445415019989014
([576, 577, 578], [487]) 0.555073102315267
([579], [488]) 0.4338516294956207
([580], [489]) 0.23765519261360168
([581], [490]) 0.3833746314048767
([582], [491]) 0.407000333070755
([583], [492]) 0.6344015598297119
([584], [493]) 0.8999933004379272
([585], [494]) 0.5278922319412231
([586], [495, 496]) 0.6414216160774231
([587, 588], [497]) 0.4419110119342804
([589], [498]) 0.4517744779586792
([590], [499]) 0.42956775426864624
([591], [500]) 0.5507912039756775
([592, 593], [501]) 0.6879684925079346
