([0], [0]) 0.31464439630508423
([1, 2], [1]) 0.500649094581604
([3], [2]) 0.45450693368911743
([4], [3]) 0.8020386695861816
([5], [4]) 0.5984090566635132
([6], [5]) 0.5692964196205139
([7], [6]) 0.1603148877620697
([8], [7]) 0.39090684056282043
([9], [8, 9]) 0.2034718245267868
([10], [10]) 0.48987293243408203
([11], [11, 12]) 0.338233083486557
([12], [13]) 1.0528846979141235
([13], [14]) 0.49048444628715515
([14, 15, 16], [15]) 0.45474473635355633
([17, 18], [16]) 0.3664320409297943
([19, 20], [17]) 0.4114365875720978
([21, 22], [18]) 0.4214743375778198
([23], [19]) 0.30720362067222595
([24, 25], [20]) 0.48108285665512085
([26, 27], [21]) 0.34191223978996277
([28], [22]) 0.3561655580997467
([29], [23]) 0.4599478542804718
([30], [24]) 0.44226887822151184
([31, 32], [25]) 0.5082523822784424
([33], [26]) 0.21319425106048584
([34], [27]) 0.38985493779182434
([35, 36], [28]) 0.46090930700302124
([37], [29, 30]) 0.4230799078941345
([38], [31]) 0.3627892732620239
([39, 40], [32]) 0.42084789276123047
([41], [33]) 0.4770195186138153
([42], [34]) 0.3185122311115265
([43, 44, 45, 46], [35]) 0.3348774015903473
([47, 48], [36]) 0.3383729159832001
([49, 50], [37]) 0.2805956304073334
([51], [38]) 0.4416733682155609
([52, 53], [39]) 0.22599869966506958
([54], [40]) 0.47606179118156433
([55], [41]) 0.523861825466156
([56, 57, 58], [42]) 0.23265749216079712
([59], [43]) 0.17692527174949646
([60], [44]) 0.3375570476055145
([61, 62], [45]) 0.29145967960357666
([63], [46]) 0.40950557589530945
([64], [47]) 0.5920318961143494
([65], [48]) 0.8423659801483154
([66], [49]) 0.8782745599746704
([67, 68, 69, 70, 71], [50]) 0.3956925868988037
([72], [51]) 0.3634096682071686
([73], [52]) 0.21212947368621826
([74, 75], [53]) 0.34680989384651184
([76], [54]) 0.44976893067359924
([77], [55]) 0.3284764289855957
([78], [56, 57]) 0.435006707906723
([79], [58]) 0.41378119587898254
([80], [59]) 0.5585151314735413
([81], [60]) 0.39125964045524597
([82, 83], [61]) 0.46374693512916565
([84], [62]) 0.3947674632072449
([85], [63]) 0.3365289568901062
([86], [64]) 0.4133502244949341
([87], [65]) 0.2305179089307785
([88, 89], [66]) 0.4884089231491089
([90, 91], [67]) 0.35091084241867065
([92, 93, 94], [68]) 0.3259928822517395
([95, 96, 97], [69]) 0.2923801740010579
([98], [70]) 0.25496891140937805
([99], [71]) 0.4992041289806366
([100], [72]) 0.3155382573604584
([101, 102], [73]) 0.48142415285110474
([103], [74]) 0.3376717269420624
([104], [75, 76]) 0.12055755406618118
([105], [77]) 0.42247769236564636
([106], [78]) 0.3354704678058624
([107], [79]) 0.21057738363742828
([108], [80]) 0.4987095296382904
([109, 110], [81]) 0.31069087982177734
([111], [82]) 0.35267174243927
([112, 113], [83]) 0.4004782736301422
([114], [84]) 0.524506688117981
([115], [85]) 0.4047664701938629
([116], [86]) 0.3126821517944336
([117], [87]) 0.33758363127708435
([118, 119, 120, 121], [88]) 0.33844274282455444
([122, 123, 124, 125], [89]) 0.38552358746528625
([126, 127, 128], [90]) 0.33960851033528644
([129], [91]) 0.2132125347852707
([130], [92]) 0.46296414732933044
([131, 132], [93]) 0.4048871099948883
([133], [94]) 0.4322127103805542
([134], [95]) 0.3282442092895508
([135], [96]) 0.45226114988327026
([136], [97]) 0.2734200060367584
([137, 138], [98]) 0.2530613839626312
([139], [99]) 0.3714427053928375
([140], [100]) 0.3223024010658264
([141], [101]) 0.3937984108924866
([142], [102]) 0.4070141613483429
([143], [103]) 0.40031740069389343
([144], [104]) 0.3627784252166748
([145, 146], [105]) 0.42846956849098206
([147, 148, 149, 150, 151], [106]) 0.3550774335861206
([152, 153], [107]) 0.39761990308761597
([154], [108]) 0.5828918218612671
([155], [109]) 0.32623186707496643
([156, 157], [110]) 0.5568076968193054
([158], [111]) 0.2975439131259918
([159], [112]) 0.6077066659927368
([160, 161], [113]) 0.3594910204410553
([162, 163], [114]) 0.3852773904800415
([164], [115]) 0.44225209951400757
([165], [116]) 0.4476090669631958
([166], [117]) 0.45542263984680176
([167], [118]) 0.13761234283447266
([168], [119]) 0.37497541308403015
([169], [120]) 0.3089432120323181
([170], [121]) 0.3254638612270355
([171, 172], [122]) 0.41760608553886414
([173], [123]) 0.4213503897190094
([174], [124]) 0.291688472032547
([175], [125]) 0.4879451096057892
([176, 177], [126]) 0.4372284710407257
([178], [127]) 0.17616590857505798
([179, 180], [128]) 0.47027164697647095
([181, 182], [129]) 0.32726067304611206
([183, 184], [130]) 0.3996089994907379
([185, 186], [131]) 0.3865196406841278
([187], [132]) 0.40502944588661194
([188], [133]) 0.6678140163421631
([189], [134]) 0.4433521330356598
([190], [135]) 0.23102769255638123
([191], [136]) 0.3815269470214844
([192], [137]) 0.24341954290866852
([193], [138]) 0.5722527503967285
([194], [139]) 0.25342193245887756
([195], [140]) 0.342326283454895
([196, 197], [141]) 0.4128687381744385
([198, 199], [142]) 0.38175350427627563
([200, 201], [143]) 0.33547863364219666
([202], [144]) 0.4311976432800293
([203, 204], [145]) 0.4525858163833618
([205], [146]) 0.7446345090866089
([206], [147]) 0.38846710324287415
([207], [148]) 0.6353603005409241
([208], [149]) 0.6320671439170837
([209, 210, 211], [150]) 0.27661170562108356
([212], [151]) 0.7425698637962341
([213], [152]) 0.3810483515262604
([214, 215], [153]) 0.3168930113315582
([216], [154]) 0.47932130098342896
([217], [155, 156]) 0.4146510362625122
([218], [157]) 0.4172258675098419
([219], [158]) 0.48395177721977234
([220], [159]) 0.7074989080429077
([221], [160]) 0.43302983045578003
([222, 223], [161]) 0.4520471692085266
([224], [162]) 0.3931972086429596
([225], [163]) 0.4429929256439209
([226], [164]) 0.19204144179821014
([227], [165]) 0.3879157602787018
([228], [166, 167, 168, 169]) 0.4166540503501892
([229], [170, 171]) 0.3404484987258911
([230, 231], [172]) 0.3121146857738495
([232, 233], [173]) 0.3329099416732788
([234], [174]) 0.34628209471702576
([235], [175]) 0.3774435520172119
([236], [176]) 0.3785267472267151
([237, 238], [177]) 0.3208450376987457
([239], [178, 179]) 0.368042528629303
([240], [180, 181, 182]) 0.28384504715601605
([241], [183, 184]) 0.3252279460430145
([242], [185, 186]) 0.554811954498291
([243, 244, 245, 246], [187]) 0.4380331337451935
([247, 248, 249], [188]) 0.3838870922724406
([250, 251, 252], [189]) 0.39658141136169434
([253, 254], [190]) 0.4323658347129822
([255], [191]) 0.5817939043045044
([256], [192]) 0.5380180478096008
([257], [193]) 0.33496370911598206
([258], [194]) 0.3322790265083313
([259], [195]) 0.4903658926486969
([260, 261], [196]) 0.41136378049850464
([262], [197]) 0.4304981231689453
([263, 264], [198]) 0.32914888858795166
([265], [199]) 0.4202253520488739
([266], [200]) 0.30712032318115234
([267, 268], [201]) 0.29077377915382385
([269], [202]) 0.45964837074279785
([270, 271], [203]) 0.5514001846313477
([272], [204]) 0.4696168005466461
([273], [205]) 0.3902095854282379
([274, 275, 276], [206]) 0.4120721022288005
([277, 278, 279], [207]) 0.38715370496114093
([280], [208]) 0.4480162262916565
([281, 282], [209]) 0.37753206491470337
([283], [210]) 0.4203571677207947
([284, 285], [211]) 0.2964939475059509
([286, 287, 288], [212]) 0.4286129077275594
([289], [213]) 0.26446956396102905
([290], [214]) 0.39131850004196167
([291], [215]) 0.4185255169868469
([292], [216]) 0.41670992970466614
([293, 294], [217]) 0.40134745836257935
([295], [218]) 0.28448963165283203
([296], [219]) 0.4584302604198456
([297], [220, 221]) 0.3256777226924896
([298, 299], [222]) 0.2955232858657837
([300], [223, 224]) 0.30367952585220337
([301], [225]) 0.3016519546508789
([302, 303], [226]) 0.39824238419532776
([304, 305, 306], [227]) 0.3009631832440694
([307, 308], [228]) 0.3070374131202698
([309], [229, 230, 231]) 0.2946520249048869
([310], [232]) 0.33875036239624023
([311], [233]) 0.43294015526771545
([312], [234]) 0.4211369454860687
([313, 314], [235]) 0.497092068195343
([315, 316], [236]) 0.621223509311676
([317, 318], [237]) 0.3201662600040436
([319], [238]) 0.5250371694564819
([320], [239]) 0.30337589979171753
([321], [240]) 0.3032923936843872
([322], [241]) 0.3960423469543457
([323], [242]) 0.27215006947517395
([324], [243]) 0.3264787793159485
([325], [244]) 0.41093775629997253
([326, 327], [245]) 0.39753207564353943
([328], [246]) 0.5070599913597107
([329], [247]) 0.7726026177406311
([330], [248]) 0.3374445140361786
([331], [249]) 0.3843678832054138
([332], [250]) 0.34225353598594666
([333, 334], [251]) 0.36692243814468384
([335, 336, 337], [252]) 0.2565987904866536
([338, 339], [253]) 0.3479011058807373
([340], [254, 255]) 0.3795793354511261
([341], [256]) 0.341414213180542
([342, 343], [257]) 0.40214723348617554
([344], [258, 259]) 0.6922950148582458
([345, 346], [260]) 0.41324567794799805
([347], [261]) 0.27441173791885376
([348], [262, 263]) 0.21008309721946716
([349], [264, 265]) 0.43814098834991455
([350], [266]) 0.6063483953475952
([351], [267, 268, 269]) 0.38577648003896076
([352], [270, 271, 272, 273, 274, 275, 276]) 0.39305199895586285
([353], [277]) 0.33399027585983276
([354], [278]) 0.37467506527900696
([355], [279]) 0.45625901222229004
([356], [280]) 0.32758110761642456
([357], [281]) 0.30308929085731506
([358, 359], [282]) 0.3666190207004547
([360], [283]) 0.38927721977233887
([361], [284, 285]) 0.525690495967865
([362], [286]) 0.5753939151763916
([363, 364], [287, 288]) 0.3183075189590454
([365], [289]) 0.4632135331630707
([366], [290]) 0.23858919739723206
([367], [291]) 0.5131754875183105
([368], [292]) 0.3990005552768707
([369], [293]) 0.5978469848632812
([370], [294]) 0.5138681530952454
([371], [295]) 0.45318958163261414
([372], [296, 297]) 0.3729524612426758
([373], [298]) 0.18616779148578644
([374], [299]) 0.32534489035606384
([375], [300]) 0.34061530232429504
([376, 377], [301]) 0.42871153354644775
([378], [302]) 0.20796425640583038
([379], [303]) 0.37751057744026184
([380], [304]) 0.4831254482269287
([381], [305]) 0.27603793144226074
([382], [306]) 0.3382852077484131
([383], [307]) 0.3999399244785309
([384, 385, 386], [308]) 0.4013548692067464
([387, 388], [309]) 0.39066940546035767
([389], [310, 311]) 0.4001938998699188
([390], [312]) 0.2587350010871887
([391], [313]) 0.25502991676330566
([392], [314]) 0.374467670917511
([393], [315]) 0.5193376541137695
([394], [316]) 0.32131245732307434
([395], [317]) 0.32024097442626953
([396], [318]) 0.2519124150276184
([397], [319]) 0.4589185118675232
([398, 399], [320]) 0.25392642617225647
([400], [321]) 0.47582730650901794
([401, 402], [322]) 0.5512433052062988
([403], [323, 324, 325]) 0.33669336636861164
([404, 405], [326]) 0.4246729016304016
([406], [327]) 0.4177854359149933
([407], [328]) 0.4276774525642395
([408, 409], [329]) 0.3101741671562195
([410], [330]) 0.4942130148410797
([411], [331]) 0.49595752358436584
([412, 413], [332]) 0.3810000717639923
([414], [333]) 0.31486275792121887
([415], [334]) 0.5516216158866882
([416], [335]) 1.0769474506378174
([417], [336]) 0.3589509129524231
([418], [337]) 0.6352831125259399
([419, 420], [338]) 0.4656373858451843
([421], [339]) 0.46904319524765015
([422], [340, 341]) 0.2151869833469391
([423], [342]) 0.3025890588760376
([424], [343]) 0.306155264377594
([425], [344]) 0.3054211139678955
([426], [345]) 0.2816665470600128
([427], [346]) 0.47007498145103455
([428, 429], [347]) 0.6030033826828003
([430, 431], [348]) 0.346082866191864
([432], [349]) 0.4438669979572296
([433], [350]) 0.33250299096107483
([434], [351]) 0.39094164967536926
([435], [352]) 0.3249739706516266
([436], [353]) 0.6729822754859924
([437], [354]) 0.3403289318084717
([438], [355]) 0.3691262900829315
([439], [356]) 0.4603401720523834
([440], [357]) 0.4569120705127716
([441], [358]) 0.31501439213752747
([442], [359]) 0.27401334047317505
([443], [360]) 0.36650556325912476
([444], [361, 362]) 0.6655415892601013
([445], [363, 364]) 0.3497529923915863
([446], [365, 366]) 0.3685525357723236
([447, 448, 449], [367]) 0.5864147742589315
([450], [368]) 0.6671338677406311
([451], [369]) 0.2248142808675766
([452], [370]) 0.47114959359169006
([453], [371]) 0.3292236924171448
([454], [372]) 0.33603405952453613
([455], [373]) 0.25990918278694153
([456], [374]) 0.19481348991394043
([457], [375]) 0.4368407726287842
([458], [376]) 0.4447583258152008
([459, 460], [377]) 0.4266084134578705
([461], [378]) 0.47419628500938416
([462], [379]) 0.3514654338359833
([463], [380]) 0.5477600693702698
([464], [381]) 0.9010369181632996
([465], [382]) 0.6006879806518555
([466], [383]) 0.37681806087493896
([467], [384]) 0.6558400988578796
([468, 469], [385]) 0.34748420119285583
([470], [386]) 0.8278660178184509
([471], [387]) 0.6998855471611023
([472, 473], [388]) 0.40414345264434814
([474], [389]) 0.5036075115203857
([475], [390]) 0.19006159901618958
([476], [391]) 0.32222267985343933
([477], [392, 393]) 0.49349406361579895
([478], [394]) 0.2541336715221405
([479], [395]) 0.549987256526947
([480], [396, 397]) 0.27454784512519836
([481], [398]) 0.2771245539188385
([482, 483], [399]) 0.40728309750556946
([484], [400, 401]) 0.23656786978244781
([485], [402]) 0.45362529158592224
([486], [403, 404]) 0.35425615310668945
([487], [405, 406]) 0.38097116351127625
([488], [407]) 0.2639043629169464
([489], [408]) 0.2085922211408615
([490], [409]) 0.23971031606197357
([491], [410]) 0.5384707450866699
([492], [411]) 0.5471866726875305
([493], [412]) 0.7145360112190247
([494], [413]) 0.31656190752983093
([495], [414]) 0.5996204018592834
([496], [415]) 0.548255980014801
([497], [416]) 0.6282344460487366
([498, 499, 500], [417]) 0.43507357438405353
([501], [418]) 0.2939646542072296
([502, 503], [419]) 0.49975189566612244
