([0, 1], [0]) 0.3881637454032898
([2], [1]) 0.43078500032424927
([3], [2]) 0.47523200511932373
([4], [3]) 0.4124685823917389
([5], [4]) 0.5117601752281189
([6, 7], [5]) 0.38723358511924744
([8, 9], [6]) 0.37173619866371155
([10], [7]) 0.5794353485107422
([11], [8]) 0.372809499502182
([12], [9, 10]) 0.6105412840843201
([13], [11]) 0.5758036971092224
([14], [12]) 0.3586902320384979
([15, 16], [13]) 0.4519061744213104
([17], [14]) 0.6355294585227966
([18], [15, 16, 17]) 0.4028153419494629
([19], [18]) 0.48404616117477417
([20, 21], [19]) 0.5224534869194031
([22, 23], [20]) 0.337248295545578
([24], [21]) 0.4305446445941925
([25], [22]) 0.57533198595047
([26], [23]) 0.5452334880828857
([27], [24]) 0.7777994871139526
([28], [25]) 0.4584035575389862
([29], [26]) 0.42230936884880066
([30], [27]) 0.30141931772232056
([31], [28]) 0.41008052229881287
([32], [29, 30]) 0.3682205080986023
([33], [31]) 0.5928325057029724
([34], [32]) 0.7293049097061157
([35], [33, 34, 35]) 0.5357324679692587
([36], [36]) 0.8429228067398071
([37], [37, 38]) 0.5466303825378418
([38], [39]) 0.46367278695106506
([39, 40], [40]) 0.4972582161426544
([41], [41]) 0.5133956074714661
([42], [42]) 0.5775612592697144
([43], [43]) 0.44262388348579407
([44], [44]) 0.5668076276779175
([45, 46], [45, 46]) 0.26131996512413025
([47], [47, 48]) 0.4030786156654358
([48], [49, 50]) 0.5876216292381287
([49], [51]) 0.401290625333786
([50], [52]) 0.578993558883667
([51], [53, 54]) 0.4163774847984314
([52], [55]) 0.5114525556564331
([53], [56]) 0.630890965461731
([54], [57, 58]) 0.3652847111225128
([55], [59]) 0.40398356318473816
([56], [60]) 0.4381875991821289
([57], [61]) 0.7598344683647156
([58, 59], [62]) 0.5498192310333252
([60], [63]) 0.4514099657535553
([61], [64, 65]) 0.48223716020584106
([62], [66]) 0.537905752658844
([63], [67, 68]) 0.47989290952682495
([64], [69]) 0.42865389585494995
([65], [70]) 0.3407570421695709
([66], [71]) 0.5852583050727844
([67], [72]) 0.30087149143218994
([68], [73]) 0.6516283750534058
([69], [74, 75]) 0.44347262382507324
([70], [76]) 0.3642762005329132
([71], [77]) 0.4323021173477173
([72], [78]) 0.40279489755630493
([73], [79]) 0.6024081110954285
([74], [80, 81]) 0.5339937806129456
([75], [82]) 0.307059109210968
([76], [83, 84]) 0.38295838236808777
([77], [85]) 0.8693069815635681
([78], [86]) 0.573637843132019
([79], [87]) 0.52608323097229
([80], [88]) 0.6420965790748596
([81], [89, 90]) 0.43587228655815125
([82], [91]) 0.6166053414344788
([83], [92]) 0.6434608101844788
([84], [93]) 0.48085951805114746
([85], [94, 95]) 0.36648955941200256
([86], [96]) 0.6212075352668762
([87], [97]) 0.6075625419616699
([88], [98]) 0.5771061778068542
([89], [99]) 0.4246203303337097
([90], [100]) 0.5598911046981812
([91], [101]) 0.5151813626289368
([92], [102]) 0.4865626096725464
([93], [103, 104, 105]) 0.5661701758702596
([94], [106, 107]) 0.41323453187942505
([95], [108]) 0.5093520283699036
([96], [109]) 0.5643686056137085
([97], [110, 111]) 0.3340713381767273
([98], [112]) 0.5490537881851196
([99], [113]) 0.38243725895881653
([100], [114]) 0.6647211313247681
([101], [115]) 0.39573803544044495
([102], [116]) 0.3833891749382019
([103], [117]) 0.5433833599090576
([104], [118]) 0.2805662751197815
([105], [119, 120]) 0.37637120485305786
([106], [121]) 0.3483511209487915
([107], [122]) 0.5912061929702759
([108], [123]) 0.4984423816204071
([109], [124]) 0.40247729420661926
([110], [125]) 0.3613123595714569
([111], [126]) 0.44772639870643616
([112], [127]) 0.46986326575279236
([113], [128]) 0.5279242992401123
([114], [129]) 0.38375499844551086
([115], [130]) 0.549246609210968
([116], [131]) 0.38643160462379456
([117], [132]) 0.46864208579063416
([118], [133, 134]) 0.2793409526348114
([119], [135]) 0.28660863637924194
([120], [136]) 0.4062277376651764
([121], [137]) 0.594994306564331
([122], [138]) 0.30311861634254456
([123], [139]) 0.6176552176475525
([124], [140, 141]) 0.3750978410243988
([125, 126], [142]) 0.5108274221420288
([127], [143]) 0.3670315444469452
([128], [144]) 0.4268951416015625
([129], [145]) 0.5749128460884094
([130], [146]) 0.558438241481781
([131], [147]) 0.3910381495952606
([132], [148]) 0.36927521228790283
([133], [149, 150, 151]) 0.25808799266815186
([134, 135], [152]) 0.4209217131137848
([136, 137], [153]) 0.4678069055080414
([138], [154]) 0.42180347442626953
([139], [155]) 0.47241947054862976
([140], [156]) 0.2284456044435501
([141], [157]) 0.35769179463386536
([142], [158]) 0.6051172614097595
([143, 144], [159]) 0.5737357139587402
([145], [160]) 0.2933800518512726
([146], [161]) 0.4559091627597809
([147], [162]) 0.35257506370544434
([148], [163]) 0.34949150681495667
([149], [164]) 0.3372325897216797
([150], [165]) 0.3859449028968811
([151], [166, 167]) 0.42487019300460815
([152], [168]) 0.38814041018486023
([153], [169]) 0.40684589743614197
([154], [170]) 0.5678789019584656
([155], [171]) 0.41143226623535156
([156], [172]) 0.3685026466846466
([157], [173]) 0.4222743511199951
([158], [174]) 0.4581835865974426
([159], [175]) 0.5107681751251221
([160], [176]) 0.3477233946323395
([161], [177]) 0.5842544436454773
([162], [178]) 0.5356777906417847
([163], [179]) 0.6859831809997559
([164], [180]) 0.4119625687599182
([165], [181]) 0.44278261065483093
([166], [182]) 0.33654171228408813
([167, 168], [183]) 0.33659854531288147
([169], [184, 185]) 0.39529040455818176
([170], [186]) 0.4008758068084717
([171], [187]) 0.47033020853996277
([172], [188]) 0.253044456243515
([173], [189, 190]) 0.37980523705482483
([174], [191]) 0.4798133969306946
([175], [192]) 0.45748037099838257
([176, 177], [193]) 0.3810611963272095
([178], [194]) 0.6310080289840698
([179], [195]) 0.36618122458457947
([180], [196]) 0.371099054813385
([181], [197]) 0.4929073452949524
([182], [198, 199]) 0.40375715494155884
([183], [200]) 0.2503354251384735
([184], [201]) 0.3176172375679016
([185], [202]) 0.38455161452293396
([186], [203]) 0.3679085373878479
([187], [204, 205]) 0.5089694261550903
([188], [206]) 0.6967244744300842
([189, 190], [207]) 0.23246368765830994
([191], [208]) 0.6458476185798645
([192], [209]) 0.33847159147262573
([193], [210]) 0.3074882924556732
([194], [211]) 0.6622183322906494
([195], [212]) 0.6580929756164551
([196], [213]) 0.4273642897605896
([197], [214]) 0.35504817962646484
([198], [215]) 0.3771926462650299
([199], [216]) 0.3708629608154297
([200], [217]) 0.16238516569137573
([201], [218]) 0.34424498677253723
([202], [219, 220]) 0.5199878811836243
([203], [221]) 0.5113511085510254
([204], [222]) 0.6286265850067139
([205], [223]) 0.4930990934371948
([206], [224]) 0.46099698543548584
([207], [225]) 0.5081462264060974
([208], [226]) 0.3682989776134491
([209], [227]) 0.38069069385528564
([210, 211], [228]) 0.5443224906921387
([212], [229]) 0.2759663462638855
([213], [230]) 0.7400879859924316
([214], [231]) 0.5265972018241882
([215], [232]) 0.4741908609867096
([216], [233]) 0.5791879296302795
([217], [234]) 0.6217508912086487
([218], [235]) 0.4778234362602234
([219], [236]) 0.36964306235313416
([220], [237, 238]) 0.4000783860683441
([221], [239]) 0.606644868850708
([222], [240, 241]) 0.44133588671684265
([223], [242]) 0.48957380652427673
([224], [243, 244]) 0.3196321129798889
([225], [245]) 0.5263615846633911
([226], [246]) 0.27454066276550293
([227], [247]) 0.2879820168018341
([228], [248]) 0.2618744969367981
([229], [249, 250]) 0.24692049622535706
([230], [251]) 0.4710855484008789
([231], [252]) 0.6933060884475708
([232], [253]) 0.37387537956237793
([233], [254]) 0.6259548664093018
([234], [255]) 0.28063660860061646
([235], [256]) 0.4323194921016693
([236], [257, 258]) 0.23896196484565735
([237, 238, 239], [259]) 0.37899649143218994
([240], [260]) 0.6536542773246765
([241], [261]) 0.6984432935714722
([242], [262]) 0.345258891582489
([243], [263, 264]) 0.5270095467567444
([244], [265]) 0.36795565485954285
([245], [266, 267]) 0.2790645658969879
([246], [268]) 0.1976606249809265
([247, 248], [269]) 0.3206557631492615
([249], [270]) 0.5724467635154724
([250], [271]) 0.3078531324863434
([251], [272]) 0.4944559633731842
([252], [273, 274]) 0.4257875382900238
([253], [275]) 0.6327652335166931
([254], [276]) 0.526469349861145
([255], [277, 278]) 0.35630860924720764
([256], [279]) 0.4629147946834564
([257], [280]) 0.45960357785224915
([258], [281]) 0.6238994002342224
([259], [282]) 0.5462026000022888
([260], [283]) 0.5162063241004944
([261], [284]) 0.5897223949432373
([262], [285]) 0.5232319831848145
([263], [286]) 0.34296905994415283
([264], [287, 288]) 0.4641858637332916
([265], [289]) 0.5614015460014343
([266], [290]) 0.824324369430542
([267], [291, 292]) 0.5033847689628601
([268], [293, 294]) 0.36028555035591125
([269], [295]) 0.4650254547595978
([270], [296, 297]) 0.35058164596557617
([271], [298]) 0.48517173528671265
([272], [299]) 0.41432541608810425
([273], [300]) 0.3650350570678711
([274], [301]) 0.5749620795249939
([275], [302, 303]) 0.6314303874969482
([276], [304]) 0.35841885209083557
([277], [305]) 0.41984686255455017
([278], [306]) 0.34859538078308105
([279], [307, 308]) 0.5056151747703552
([280], [309]) 0.375810831785202
([281], [310]) 0.5423434376716614
([282], [311]) 0.5438382029533386
([283], [312]) 0.4464777708053589
([284, 285], [313]) 0.32507115602493286
([286], [314]) 0.7787765264511108
([287], [315]) 0.5641021132469177
([288], [316, 317]) 0.5776554346084595
([289], [318]) 0.5844634175300598
([290], [319]) 0.4921683669090271
([291], [320]) 0.7877093553543091
([292], [321]) 0.2869013547897339
([293], [322]) 0.6249750256538391
([294], [323]) 0.29534244537353516
([295], [324]) 0.5342313051223755
([296], [325]) 0.7791628241539001
([297], [326]) 0.4880388677120209
([298], [327]) 0.6912938356399536
([299], [328, 329]) 0.6370664238929749
([300], [330]) 0.4753274619579315
([301], [331]) 0.5444951057434082
([302], [332]) 0.5063970685005188
([303], [333]) 0.4838440716266632
([304], [334, 335, 336]) 0.5530434846878052
([305], [337, 338]) 0.6083863973617554
([306], [339]) 0.6052910089492798
([307], [340]) 0.385143518447876
([308], [341, 342]) 0.3521902859210968
([309], [343]) 0.4095654785633087
([310], [344]) 0.3680940866470337
([311], [345]) 0.46614548563957214
([312], [346]) 0.33432742953300476
([313], [347]) 0.27347150444984436
([314], [348]) 0.43229860067367554
([315], [349]) 0.3994174599647522
([316], [350]) 0.8357903957366943
([317], [351]) 0.6017374992370605
([318], [352]) 0.5757913589477539
([319], [353]) 0.5616721510887146
([320], [354]) 0.603333592414856
([321], [355]) 0.513699471950531
([322], [356]) 0.561948835849762
([323], [357, 358]) 0.3422398567199707
([324], [359]) 0.49491259455680847
([325], [360]) 0.5440930724143982
([326], [361]) 0.4365640878677368
([327], [362]) 0.5609709620475769
([328], [363, 364]) 0.3484836220741272
([329], [365, 366]) 0.47733479738235474
([330], [367]) 0.49636951088905334
([331, 332], [368]) 0.5188807845115662
([333], [369]) 0.8368053436279297
([334], [370]) 0.6343744993209839
([335], [371, 372]) 0.4776233732700348
([336], [373]) 0.688564121723175
([337], [374]) 0.534328043460846
([338], [375, 376]) 0.3798980116844177
([339], [377]) 0.5982322096824646
([340], [378]) 0.6484673619270325
([341], [379]) 0.7886909246444702
([342], [380]) 0.4790022373199463
([343], [381]) 0.6963739395141602
([344], [382]) 0.7357470393180847
([345], [383]) 0.490557461977005
([346], [384]) 0.5773968696594238
([347], [385]) 0.4838428497314453
([348], [386]) 0.44511285424232483
([349], [387]) 0.5593045949935913
([350], [388]) 0.28143346309661865
([351, 352], [389]) 0.3229181170463562
([353], [390]) 0.47463011741638184
([354, 355], [391]) 0.3288460075855255
([356], [392]) 0.8468188643455505
([357, 358, 359], [393]) 0.6148666540781657
([360], [394]) 0.5036123991012573
([361], [395]) 0.6873166561126709
([362], [396]) 0.8721594214439392
([363], [397]) 0.43563368916511536
([364], [398]) 0.4416658878326416
([365], [399]) 0.3465667963027954
([366, 367], [400]) 0.4120572805404663
([368], [401]) 0.4804064929485321
([369], [402, 403]) 0.3389627933502197
([370], [404]) 0.3774639368057251
([371], [405]) 0.44656071066856384
([372], [406]) 0.6220200061798096
([373], [407, 408, 409]) 0.30355630318323773
([374], [410]) 0.4605881869792938
([375], [411]) 0.45092397928237915
([376], [412]) 0.41615909337997437
([377], [413]) 0.6551662087440491
([378], [414, 415, 416]) 0.31576494375864667
([379, 380], [417]) 0.5525439381599426
([381], [418]) 0.31975501775741577
([382, 383], [419]) 0.34418511390686035
